9.500040000000000873e+03 -3.689450253351135522e+00
9.500540000000000873e+03 -3.692631008952481420e+00
9.501030000000000655e+03 -3.695758987222550918e+00
9.501530000000000655e+03 -3.698961919048283864e+00
9.502030000000000655e+03 -3.702176139327469695e+00
9.502540000000000873e+03 -3.705466334863380506e+00
9.503040000000000873e+03 -3.708703538660864663e+00
9.503530000000000655e+03 -3.711887123772518393e+00
9.504030000000000655e+03 -3.715147090752283443e+00
9.504530000000000655e+03 -3.718418642628884996e+00
9.505030000000000655e+03 -3.721701838690996578e+00
9.505530000000000655e+03 -3.724996738227295268e+00
9.506030000000000655e+03 -3.728303400526456812e+00
9.506530000000000655e+03 -3.731621884877158291e+00
9.507030000000000655e+03 -3.734952250568075449e+00
9.507530000000000655e+03 -3.738294556887884035e+00
9.508030000000000655e+03 -3.741648863125260238e+00
9.508530000000000655e+03 -3.745015228568881138e+00
9.509030000000000655e+03 -3.748393712507421149e+00
9.509530000000000655e+03 -3.751784374229558239e+00
9.510030000000000655e+03 -3.755187273023967265e+00
9.510530000000000655e+03 -3.758602468179323974e+00
9.511030000000000655e+03 -3.762030018984305446e+00
9.511530000000000655e+03 -3.765469984727586983e+00
9.512030000000000655e+03 -3.768922424697846107e+00
9.512530000000000655e+03 -3.772387398183758567e+00
9.513030000000000655e+03 -3.775864964473998331e+00
9.513530000000000655e+03 -3.779355182857245588e+00
9.514030000000000655e+03 -3.782858112622173419e+00
9.514520000000000437e+03 -3.786303373512700965e+00
9.515030000000000655e+03 -3.789902343451775124e+00
9.515530000000000655e+03 -3.793443763093802268e+00
9.516030000000000655e+03 -3.796998131272216970e+00
9.516520000000000437e+03 -3.800494031895455205e+00
9.517030000000000655e+03 -3.804145950392904041e+00
9.517530000000000655e+03 -3.807739519912531900e+00
9.518030000000000655e+03 -3.811346275123248972e+00
9.518520000000000437e+03 -3.814893745125640390e+00
9.519030000000000655e+03 -3.818599579772659069e+00
9.519530000000000655e+03 -3.822246247788702700e+00
9.520030000000000655e+03 -3.825906338650542526e+00
9.520540000000000873e+03 -3.829653521031746610e+00
9.521030000000000655e+03 -3.833267026066309313e+00
9.521530000000000655e+03 -3.836967741197589543e+00
9.522030000000000655e+03 -3.840682116329368956e+00
9.522530000000000655e+03 -3.844410210750323298e+00
9.523030000000000655e+03 -3.848152083749128760e+00
9.523530000000000655e+03 -3.851907794614462421e+00
9.524030000000000655e+03 -3.855677402634999140e+00
9.524530000000000655e+03 -3.859460967099415996e+00
9.525030000000000655e+03 -3.863258547296388734e+00
9.525530000000000655e+03 -3.867070202514593547e+00
9.526030000000000655e+03 -3.870895992042706180e+00
9.526530000000000655e+03 -3.874735975169403268e+00
9.527030000000000655e+03 -3.878590211183360559e+00
9.527530000000000655e+03 -3.882458759373254242e+00
9.528030000000000655e+03 -3.886341679027760065e+00
9.528530000000000655e+03 -3.890239029435554663e+00
9.529040000000000873e+03 -3.894229254899934656e+00
9.529530000000000655e+03 -3.898077259665715388e+00
9.530030000000000655e+03 -3.902018258065433898e+00
9.530530000000000655e+03 -3.905973924373145056e+00
9.531030000000000655e+03 -3.909944317877525499e+00
9.531530000000000655e+03 -3.913929497867251861e+00
9.532030000000000655e+03 -3.917929523630999000e+00
9.532530000000000655e+03 -3.921944454457443996e+00
9.533030000000000655e+03 -3.925974349635263039e+00
9.533530000000000655e+03 -3.930019268453131431e+00
9.534030000000000655e+03 -3.934079270199726253e+00
9.534530000000000655e+03 -3.938154414163724137e+00
9.535030000000000655e+03 -3.942244759633799500e+00
9.535530000000000655e+03 -3.946350365898628532e+00
9.536030000000000655e+03 -3.950471292246889199e+00
9.536530000000000655e+03 -3.954607597967255916e+00
9.537030000000000655e+03 -3.958759342348404875e+00
9.537530000000000655e+03 -3.962926584679014042e+00
9.538030000000000655e+03 -3.967109384247756942e+00
9.538530000000000655e+03 -3.971307800343311989e+00
9.539030000000000655e+03 -3.975521892254354039e+00
9.539530000000000655e+03 -3.979751719269559285e+00
9.540030000000000655e+03 -3.983997340677603027e+00
9.540530000000000655e+03 -3.988258815767164123e+00
9.541030000000000655e+03 -3.992536203826916097e+00
9.541530000000000655e+03 -3.996829564145536029e+00
9.542030000000000655e+03 -4.001138956011700110e+00
9.542530000000000655e+03 -4.005464438714083641e+00
9.543030000000000655e+03 -4.009806071541363259e+00
9.543530000000000655e+03 -4.014163913782216042e+00
9.544030000000000655e+03 -4.018538024725317293e+00
9.544530000000000655e+03 -4.022928463659343201e+00
9.545030000000000655e+03 -4.027335289872968183e+00
9.545530000000000655e+03 -4.031758562654871092e+00
9.546030000000000655e+03 -4.036198341293727232e+00
9.546530000000000655e+03 -4.040654685078212793e+00
9.547030000000000655e+03 -4.045127653297001302e+00
9.547520000000000437e+03 -4.049527348315971054e+00
9.548030000000000655e+03 -4.054123700192201696e+00
9.548530000000000655e+03 -4.058646897445965074e+00
9.549030000000000655e+03 -4.063186956288737051e+00
9.549520000000000437e+03 -4.067652630206704423e+00
9.550030000000000655e+03 -4.072317981635186435e+00
9.550530000000000655e+03 -4.076909559240892378e+00
9.551030000000000655e+03 -4.081519210039063594e+00
9.551530000000000655e+03 -4.086147475241595828e+00
9.552030000000000655e+03 -4.090794896060383934e+00
9.552530000000000655e+03 -4.095462013707327209e+00
9.553030000000000655e+03 -4.100149369394318732e+00
9.553530000000000655e+03 -4.104857504333254248e+00
9.554030000000000655e+03 -4.109586959736033052e+00
9.554530000000000655e+03 -4.114338276814549111e+00
9.555030000000000655e+03 -4.119111996780699059e+00
9.555520000000000437e+03 -4.123812499212330174e+00
9.556030000000000655e+03 -4.128728810223484480e+00
9.556530000000000655e+03 -4.133572986123912330e+00
9.557030000000000655e+03 -4.138441729759557042e+00
9.557530000000000655e+03 -4.143335582342317913e+00
9.558020000000000437e+03 -4.148156440157133140e+00
9.558530000000000655e+03 -4.153200779196764891e+00
9.559030000000000655e+03 -4.158173205892244262e+00
9.559530000000000655e+03 -4.163172906382421878e+00
9.560030000000000655e+03 -4.168200421879195261e+00
9.560530000000000655e+03 -4.173256293594456601e+00
9.561030000000000655e+03 -4.178341062740107859e+00
9.561530000000000655e+03 -4.183455270528041225e+00
9.562030000000000655e+03 -4.188599458170154222e+00
9.562530000000000655e+03 -4.193774166878341703e+00
9.563030000000000655e+03 -4.198979937864500300e+00
9.563530000000000655e+03 -4.204217312340525758e+00
9.564020000000000437e+03 -4.209381122616123960e+00
9.564530000000000655e+03 -4.214789036609766448e+00
9.565030000000000655e+03 -4.220124468826771391e+00
9.565530000000000655e+03 -4.225493669381229722e+00
9.566030000000000655e+03 -4.230897179485033632e+00
9.566530000000000655e+03 -4.236335540350083306e+00
9.567030000000000655e+03 -4.241809293188271823e+00
9.567530000000000655e+03 -4.247318979211498480e+00
9.568030000000000655e+03 -4.252865139631655467e+00
9.568530000000000655e+03 -4.258448315660642081e+00
9.569030000000000655e+03 -4.264069048510353177e+00
9.569530000000000655e+03 -4.269727879392683612e+00
9.570030000000000655e+03 -4.275425349519531792e+00
9.570530000000000655e+03 -4.281162000102792575e+00
9.571030000000000655e+03 -4.286938372354363480e+00
9.571530000000000655e+03 -4.292755007486137586e+00
9.572020000000000437e+03 -4.298494894544871769e+00
9.572530000000000655e+03 -4.304511231237887259e+00
9.573030000000000655e+03 -4.310451902281654313e+00
9.573530000000000655e+03 -4.316435001053210208e+00
9.574030000000000655e+03 -4.322461068764450687e+00
9.574530000000000655e+03 -4.328530646627274159e+00
9.575030000000000655e+03 -4.334644275853574591e+00
9.575530000000000655e+03 -4.340802497655249503e+00
9.576010000000000218e+03 -4.346756845662953062e+00
9.576530000000000655e+03 -4.353254883832303967e+00
9.577010000000000218e+03 -4.359297426619290761e+00
9.577530000000000655e+03 -4.365892134853608830e+00
9.578030000000000655e+03 -4.372281437710592300e+00
9.578530000000000655e+03 -4.378718580414329153e+00
9.579030000000000655e+03 -4.385204104176710693e+00
9.579530000000000655e+03 -4.391738550209635328e+00
9.580030000000000655e+03 -4.398322459725000577e+00
9.580530000000000655e+03 -4.404956373934697744e+00
9.581020000000000437e+03 -4.411506645997866016e+00
9.581530000000000655e+03 -4.418376381284685017e+00
9.582030000000000655e+03 -4.425163556848763058e+00
9.582530000000000655e+03 -4.432002901954761320e+00
9.583030000000000655e+03 -4.438894957814575548e+00
9.583530000000000655e+03 -4.445840265640101485e+00
9.584030000000000655e+03 -4.452839366643233099e+00
9.584530000000000655e+03 -4.459892802035869686e+00
9.585020000000000437e+03 -4.466858405528570941e+00
9.585530000000000655e+03 -4.474164840837238977e+00
9.586030000000000655e+03 -4.481384526669763169e+00
9.586530000000000655e+03 -4.488660711739374420e+00
9.587030000000000655e+03 -4.495993937257971140e+00
9.587530000000000655e+03 -4.503384744437447296e+00
9.588030000000000655e+03 -4.510833674489699519e+00
9.588530000000000655e+03 -4.518341268626624441e+00
9.589030000000000655e+03 -4.525908068060117806e+00
9.589530000000000655e+03 -4.533534614002077134e+00
9.590020000000000437e+03 -4.541067116670928883e+00
9.590530000000000655e+03 -4.548969110258971327e+00
9.591030000000000655e+03 -4.556778142997700343e+00
9.591530000000000655e+03 -4.564649087092478297e+00
9.592030000000000655e+03 -4.572582483755200045e+00
9.592510000000000218e+03 -4.580257802310519821e+00
9.593030000000000655e+03 -4.588638799632066778e+00
9.593530000000000655e+03 -4.596762801270001475e+00
9.594030000000000655e+03 -4.604951420323465605e+00
9.594530000000000655e+03 -4.613205198004355800e+00
9.595000000000000000e+03 -4.621023644268334785e+00
9.595530000000000655e+03 -4.629910394095996473e+00
9.596030000000000655e+03 -4.638362894930540214e+00
9.596530000000000655e+03 -4.646882719240093884e+00
9.597020000000000437e+03 -4.655297985882130618e+00
9.597530000000000655e+03 -4.664126503131814871e+00
9.598030000000000655e+03 -4.672851545137775453e+00
9.598530000000000655e+03 -4.681646075466330714e+00
9.599030000000000655e+03 -4.690510635329375511e+00
9.599530000000000655e+03 -4.699445765938806474e+00
9.600030000000000655e+03 -4.708452008506521125e+00
9.600530000000000655e+03 -4.717529904244415206e+00
9.601030000000000655e+03 -4.726679994364382686e+00
9.601530000000000655e+03 -4.735902820078322861e+00
9.602030000000000655e+03 -4.745198922598127922e+00
9.602530000000000655e+03 -4.754568843135697165e+00
9.603000000000000000e+03 -4.763444359317063892e+00
9.603530000000000655e+03 -4.773532303111711173e+00
9.604030000000000655e+03 -4.783126924973946537e+00
9.604530000000000655e+03 -4.792797529701529058e+00
9.605010000000000218e+03 -4.802153297302909962e+00
9.605530000000000655e+03 -4.812368852600323876e+00
9.606010000000000218e+03 -4.821873084337736870e+00
9.606530000000000655e+03 -4.832250601503261578e+00
9.607030000000000655e+03 -4.842309238736024923e+00
9.607530000000000655e+03 -4.852447106105511665e+00
9.608010000000000218e+03 -4.862254500876030505e+00
9.608530000000000655e+03 -4.872962696102243640e+00
9.609030000000000655e+03 -4.883341501337732815e+00
9.609530000000000655e+03 -4.893802708716219918e+00
9.610010000000000218e+03 -4.903927542711114640e+00
9.610530000000000655e+03 -4.914992680477828557e+00
9.611030000000000655e+03 -4.925732672816067748e+00
9.611530000000000655e+03 -4.936576821429334849e+00
9.612030000000000655e+03 -4.947530740295192686e+00
9.612520000000000437e+03 -4.958377490252609654e+00
9.613030000000000655e+03 -4.969790344694902551e+00
9.613489999999999782e+03 -4.980197113555917987e+00
9.614030000000000655e+03 -4.992556397835659077e+00
9.614530000000000655e+03 -5.004143377627822353e+00
9.615030000000000655e+03 -5.015873811537918670e+00
9.615530000000000655e+03 -5.027753313543506408e+00
9.616030000000000655e+03 -5.039787497622143952e+00
9.616530000000000655e+03 -5.051981977751387021e+00
9.617030000000000655e+03 -5.064342367908793108e+00
9.617530000000000655e+03 -5.076874282071921485e+00
9.618030000000000655e+03 -5.089583334218325206e+00
9.618530000000000655e+03 -5.102475138325568871e+00
9.619020000000000437e+03 -5.115291822672880961e+00
9.619530000000000655e+03 -5.128829458332790026e+00
9.620030000000000655e+03 -5.142303202187884281e+00
9.620530000000000655e+03 -5.155982153914044019e+00
9.621030000000000655e+03 -5.169871927488828511e+00
9.621530000000000655e+03 -5.183978136889792587e+00
9.622030000000000655e+03 -5.198306396094494630e+00
9.622530000000000655e+03 -5.212862319080494800e+00
9.623030000000000655e+03 -5.227651519825347037e+00
9.623530000000000655e+03 -5.242679612306609727e+00
9.624010000000000218e+03 -5.257336541642574801e+00
9.624530000000000655e+03 -5.273474928388595551e+00
9.625020000000000437e+03 -5.288935268412148005e+00
9.625530000000000655e+03 -5.305293179146914895e+00
9.626020000000000437e+03 -5.321271152221929590e+00
9.626530000000000655e+03 -5.338179276402028606e+00
9.627030000000000655e+03 -5.355036802409774310e+00
9.627530000000000655e+03 -5.372178131974392201e+00
9.628030000000000655e+03 -5.389608879073437997e+00
9.628530000000000655e+03 -5.407334657684469192e+00
9.629030000000000655e+03 -5.425361081785042394e+00
9.629530000000000655e+03 -5.443693765352715985e+00
9.630030000000000655e+03 -5.462338322365049237e+00
9.630530000000000655e+03 -5.481300366799596091e+00
9.631030000000000655e+03 -5.500585512633916707e+00
9.631530000000000655e+03 -5.520199373845567692e+00
9.632030000000000655e+03 -5.540147564412105652e+00
9.632520000000000437e+03 -5.560026567877235593e+00
9.633030000000000655e+03 -5.581069389520076029e+00
9.633530000000000655e+03 -5.602054252016621660e+00
9.634030000000000655e+03 -5.623396425646144614e+00
9.634530000000000655e+03 -5.645116745410819092e+00
9.635030000000000655e+03 -5.667252350004209127e+00
9.635530000000000655e+03 -5.689841226783197925e+00
9.636030000000000655e+03 -5.712921363104667805e+00
9.636530000000000655e+03 -5.736530746325491315e+00
9.637020000000000437e+03 -5.760218026855067563e+00
9.637530000000000655e+03 -5.785489202892733829e+00
9.637989999999999782e+03 -5.808855682339725490e+00
9.638530000000000655e+03 -5.837020495339960036e+00
9.639030000000000655e+03 -5.863845923410766936e+00
9.639530000000000655e+03 -5.891428522522210720e+00
9.640030000000000655e+03 -5.919806280031165713e+00
9.640520000000000437e+03 -5.948424554698619637e+00
9.641030000000000655e+03 -5.979099219669142151e+00
9.641530000000000655e+03 -6.010090376511921129e+00
9.642030000000000655e+03 -6.042028641179733484e+00
9.642530000000000655e+03 -6.074952001029457094e+00
9.643030000000000655e+03 -6.108898443417975166e+00
9.643530000000000655e+03 -6.143905955702162913e+00
9.644030000000000655e+03 -6.180012525238903542e+00
9.644530000000000655e+03 -6.217256139385074931e+00
9.645030000000000655e+03 -6.255674789364277899e+00
9.645530000000000655e+03 -6.295438534287238319e+00
9.646030000000000655e+03 -6.337197689193822647e+00
9.646530000000000655e+03 -6.381669536909137186e+00
9.647020000000000437e+03 -6.428093526622629561e+00
9.647530000000000655e+03 -6.479283600054294823e+00
9.648020000000000437e+03 -6.531108288833359587e+00
9.648530000000000655e+03 -6.587675233138309494e+00
9.649030000000000655e+03 -6.645613294180862773e+00
9.649530000000000655e+03 -6.705886534636297469e+00
9.650030000000000655e+03 -6.768375216814003004e+00
9.650510000000000218e+03 -6.830337492047121373e+00
9.651030000000000655e+03 -6.899519955573788721e+00
9.651530000000000655e+03 -6.967936536774644196e+00
9.652030000000000655e+03 -7.038089608935329977e+00
9.652530000000000655e+03 -7.109878163662678219e+00
9.653020000000000437e+03 -7.183675074207137357e+00
9.653530000000000655e+03 -7.270045923418648748e+00
9.654030000000000655e+03 -7.370513132199363326e+00
9.654530000000000655e+03 -7.492914875885541726e+00
9.655030000000000655e+03 -7.643510391204915599e+00
9.655530000000000655e+03 -7.828557613902445311e+00
9.656030000000000655e+03 -8.047213351990436081e+00
9.656530000000000655e+03 -8.274907228420683936e+00
9.657030000000000655e+03 -8.482119057666496431e+00
9.657530000000000655e+03 -8.642244191796898178e+00
9.658030000000000655e+03 -8.746824679832149840e+00
9.658530000000000655e+03 -8.794372892499776384e+00
9.659030000000000655e+03 -8.783415628956484866e+00
9.659530000000000655e+03 -8.712479688358980567e+00
9.660030000000000655e+03 -8.580091869863959886e+00
9.660530000000000655e+03 -8.388487035937041369e+00
9.661030000000000655e+03 -8.162150138022235879e+00
9.661530000000000655e+03 -7.933827221362842685e+00
9.662030000000000655e+03 -7.734394552202831896e+00
9.662510000000000218e+03 -7.578154393206166795e+00
9.663030000000000655e+03 -7.441322829088112378e+00
9.663530000000000655e+03 -7.334916948319181174e+00
9.664030000000000655e+03 -7.246581969557851721e+00
9.664530000000000655e+03 -7.169806078915616609e+00
9.665030000000000655e+03 -7.098183966611169460e+00
9.665530000000000655e+03 -7.028286535460929407e+00
9.666030000000000655e+03 -6.959986677675057187e+00
9.666530000000000655e+03 -6.893329165388060176e+00
9.667030000000000655e+03 -6.828358770734434202e+00
9.667530000000000655e+03 -6.765120265848689307e+00
9.668030000000000655e+03 -6.703658422865320432e+00
9.668530000000000655e+03 -6.644018013918837617e+00
9.669030000000000655e+03 -6.586243811143742022e+00
9.669540000000000873e+03 -6.529283121658868261e+00
9.670030000000000655e+03 -6.476473112645723340e+00
9.670520000000000437e+03 -6.425584405513505182e+00
9.671030000000000655e+03 -6.374704500088122394e+00
9.671530000000000655e+03 -6.326909103574698712e+00
9.672030000000000655e+03 -6.281121443925546721e+00
9.672530000000000655e+03 -6.237266408240150994e+00
9.673030000000000655e+03 -6.195268883617990774e+00
9.673530000000000655e+03 -6.155053757158541750e+00
9.674030000000000655e+03 -6.116545915961292046e+00
9.674530000000000655e+03 -6.079670247125719129e+00
9.675030000000000655e+03 -6.044351637751302242e+00
9.675520000000000437e+03 -6.011177670947759566e+00
9.676030000000000655e+03 -5.978085145783862409e+00
9.676510000000000218e+03 -5.948206334903228587e+00
9.677030000000000655e+03 -5.917145536854814480e+00
9.677530000000000655e+03 -5.888485531278393026e+00
9.678030000000000655e+03 -5.860931907760010162e+00
9.678530000000000655e+03 -5.834409553399147796e+00
9.679010000000000218e+03 -5.809848587235553197e+00
9.679530000000000655e+03 -5.784158200547908635e+00
9.680030000000000655e+03 -5.760278976256492989e+00
9.680510000000000218e+03 -5.738043416309137612e+00
9.681030000000000655e+03 -5.714637867439471108e+00
9.681530000000000655e+03 -5.692725757112826912e+00
9.682030000000000655e+03 -5.671319125640067682e+00
9.682530000000000655e+03 -5.650342860120670885e+00
9.683030000000000655e+03 -5.629721847654123756e+00
9.683530000000000655e+03 -5.609381189739282902e+00
9.684030000000000655e+03 -5.589269487068952103e+00
9.684530000000000655e+03 -5.569379720900296427e+00
9.685030000000000655e+03 -5.549709800194711384e+00
9.685530000000000655e+03 -5.530257633913591597e+00
9.686020000000000437e+03 -5.511403761099904486e+00
9.686530000000000655e+03 -5.491998200470336045e+00
9.687030000000000655e+03 -5.473186751230993075e+00
9.687530000000000655e+03 -5.454584692261702727e+00
9.688030000000000655e+03 -5.436189932523858737e+00
9.688530000000000655e+03 -5.418000380978860164e+00
9.689030000000000655e+03 -5.400013946588102520e+00
9.689530000000000655e+03 -5.382228538312978650e+00
9.690030000000000655e+03 -5.364642065114890279e+00
9.690530000000000655e+03 -5.347252435955231142e+00
9.691030000000000655e+03 -5.330057559795396749e+00
9.691530000000000655e+03 -5.313055345596785273e+00
9.692030000000000655e+03 -5.296243702320792224e+00
9.692530000000000655e+03 -5.279620538928811335e+00
9.693030000000000655e+03 -5.263183764382241669e+00
9.693530000000000655e+03 -5.246931287642478736e+00
9.694000000000000000e+03 -5.231820133770551884e+00
9.694530000000000655e+03 -5.214970863428961323e+00
9.695030000000000655e+03 -5.199258733877997862e+00
9.695530000000000655e+03 -5.183722537979426725e+00
9.696030000000000655e+03 -5.168360184694643422e+00
9.696530000000000655e+03 -5.153169582985045238e+00
9.697030000000000655e+03 -5.138148641812028572e+00
9.697530000000000655e+03 -5.123295270136988044e+00
9.698030000000000655e+03 -5.108607376921320942e+00
9.698530000000000655e+03 -5.094082871126423662e+00
9.699030000000000655e+03 -5.079719661713693490e+00
9.699500000000000000e+03 -5.066363446430183437e+00
9.700030000000000655e+03 -5.051468767880313848e+00
9.700530000000000655e+03 -5.037576901382458949e+00
9.701030000000000655e+03 -5.023837967112354086e+00
9.701530000000000655e+03 -5.010249874031397432e+00
9.702010000000000218e+03 -4.997345275045310231e+00
9.702530000000000655e+03 -4.983517847282510793e+00
9.703030000000000655e+03 -4.970369731537374491e+00
9.703530000000000655e+03 -4.957364092826970214e+00
9.704030000000000655e+03 -4.944498840112695248e+00
9.704530000000000655e+03 -4.931771882355945102e+00
9.705030000000000655e+03 -4.919181128518117063e+00
9.705530000000000655e+03 -4.906724487560605752e+00
9.706030000000000655e+03 -4.894399868444808455e+00
9.706530000000000655e+03 -4.882205180132121569e+00
9.707020000000000437e+03 -4.870378429250056485e+00
9.707530000000000655e+03 -4.858197231761663737e+00
9.708030000000000655e+03 -4.846379789626686474e+00
9.708530000000000655e+03 -4.834683948443457169e+00
9.709030000000000655e+03 -4.823108059755058186e+00
9.709530000000000655e+03 -4.811650743095163385e+00
9.710030000000000655e+03 -4.800310622674550665e+00
9.710489999999999782e+03 -4.789980036911683392e+00
9.711030000000000655e+03 -4.777976467394267956e+00
9.711530000000000655e+03 -4.766979680956143994e+00
9.712030000000000655e+03 -4.756094587600403933e+00
9.712530000000000655e+03 -4.745319811537816790e+00
9.713030000000000655e+03 -4.734653976979158685e+00
9.713530000000000655e+03 -4.724095708135206628e+00
9.714030000000000655e+03 -4.713643629216732300e+00
9.714530000000000655e+03 -4.703296364434512711e+00
9.715030000000000655e+03 -4.693052537999321316e+00
9.715530000000000655e+03 -4.682910774121934239e+00
9.716030000000000655e+03 -4.672869697013123158e+00
9.716530000000000655e+03 -4.662927930883665972e+00
9.717030000000000655e+03 -4.653084099944337026e+00
9.717530000000000655e+03 -4.643336828405909777e+00
9.718030000000000655e+03 -4.633684740479160347e+00
9.718530000000000655e+03 -4.624126460374863967e+00
9.719030000000000655e+03 -4.614660612303792320e+00
9.719530000000000655e+03 -4.605285820476724190e+00
9.720030000000000655e+03 -4.596000709104432147e+00
9.720530000000000655e+03 -4.586803902397690536e+00
9.721030000000000655e+03 -4.577694024567274589e+00
9.721530000000000655e+03 -4.568669699823960428e+00
9.722030000000000655e+03 -4.559729552378519735e+00
9.722520000000000437e+03 -4.551048550804290826e+00
9.723030000000000655e+03 -4.542096286224367674e+00
9.723530000000000655e+03 -4.533400415937203221e+00
9.724030000000000655e+03 -4.524783219791013167e+00
9.724530000000000655e+03 -4.516243321996572746e+00
9.725030000000000655e+03 -4.507779346764657191e+00
9.725530000000000655e+03 -4.499389918306039071e+00
9.726030000000000655e+03 -4.491073660831495395e+00
9.726530000000000655e+03 -4.482829198551799621e+00
9.727020000000000437e+03 -4.474817955323643126e+00
9.727530000000000655e+03 -4.466550156420054485e+00
9.728030000000000655e+03 -4.458512824989552925e+00
9.728530000000000655e+03 -4.450541785597000199e+00
9.729030000000000655e+03 -4.442635662453168877e+00
9.729530000000000655e+03 -4.434793079768834190e+00
9.730030000000000655e+03 -4.427012661754771372e+00
9.730530000000000655e+03 -4.419293032621756545e+00
9.731030000000000655e+03 -4.411632816580560501e+00
9.731530000000000655e+03 -4.404030637841962914e+00
9.732030000000000655e+03 -4.396485120616735465e+00
9.732530000000000655e+03 -4.388994889115654274e+00
9.733030000000000655e+03 -4.381558567549493688e+00
9.733530000000000655e+03 -4.374174780129028051e+00
9.734030000000000655e+03 -4.366842151065032596e+00
9.734530000000000655e+03 -4.359559304568281668e+00
9.735030000000000655e+03 -4.352324864849550501e+00
9.735530000000000655e+03 -4.345137456119613439e+00
9.736030000000000655e+03 -4.337995702589245717e+00
9.736530000000000655e+03 -4.330898228469221678e+00
9.737030000000000655e+03 -4.323843657970317444e+00
9.737530000000000655e+03 -4.316830615303305585e+00
9.738030000000000655e+03 -4.309857724678962221e+00
9.738530000000000655e+03 -4.302923610308061697e+00
9.739030000000000655e+03 -4.296026896401379247e+00
9.739530000000000655e+03 -4.289166207169689216e+00
9.740030000000000655e+03 -4.282340166823766836e+00
9.740489999999999782e+03 -4.276089628906984963e+00
9.741030000000000655e+03 -4.268786529632323301e+00
9.741530000000000655e+03 -4.262056181687666090e+00
9.742000000000000000e+03 -4.255756512646652112e+00
9.742530000000000655e+03 -4.248683582661304747e+00
9.743030000000000655e+03 -4.242040965957804666e+00
9.743530000000000655e+03 -4.235427319196226392e+00
9.744030000000000655e+03 -4.228842528428175207e+00
9.744530000000000655e+03 -4.222286479705248396e+00
9.745030000000000655e+03 -4.215759059079049464e+00
9.745510000000000218e+03 -4.209519562818018201e+00
9.746030000000000655e+03 -4.202789646323234152e+00
9.746530000000000655e+03 -4.196347426296821226e+00
9.747030000000000655e+03 -4.189933378573539535e+00
9.747530000000000655e+03 -4.183547389204990807e+00
9.748030000000000655e+03 -4.177189344242777658e+00
9.748530000000000655e+03 -4.170859129738498261e+00
9.749030000000000655e+03 -4.164556631743756121e+00
9.749530000000000655e+03 -4.158281736310151189e+00
9.750020000000000437e+03 -4.152159008974319221e+00
9.750530000000000655e+03 -4.145814297332760745e+00
9.751030000000000655e+03 -4.139621525892176912e+00
9.751530000000000655e+03 -4.133455901219136308e+00
9.752030000000000655e+03 -4.127317309365239772e+00
9.752530000000000655e+03 -4.121205636382087256e+00
9.753030000000000655e+03 -4.115120768321282263e+00
9.753530000000000655e+03 -4.109062591234424744e+00
9.754030000000000655e+03 -4.103030991173117314e+00
9.754530000000000655e+03 -4.097025854188959926e+00
9.755030000000000655e+03 -4.091047066333551641e+00
9.755530000000000655e+03 -4.085094513658498627e+00
9.756010000000000218e+03 -4.079404639374842212e+00
9.756530000000000655e+03 -4.073267658055852003e+00
9.757030000000000655e+03 -4.067393127231462735e+00
9.757530000000000655e+03 -4.061544375793833872e+00
9.758030000000000655e+03 -4.055721289794561812e+00
9.758530000000000655e+03 -4.049923755285248284e+00
9.759030000000000655e+03 -4.044151658317498566e+00
9.759530000000000655e+03 -4.038404884942909945e+00
9.760030000000000655e+03 -4.032683321213085037e+00
9.760530000000000655e+03 -4.026986853179626458e+00
9.761030000000000655e+03 -4.021315366894133270e+00
9.761530000000000655e+03 -4.015668748408208977e+00
9.762030000000000655e+03 -4.010046883773451754e+00
9.762530000000000655e+03 -4.004449659041465104e+00
9.763030000000000655e+03 -3.998876960263848979e+00
9.763530000000000655e+03 -3.993328673492207770e+00
9.764030000000000655e+03 -3.987804684778137876e+00
9.764530000000000655e+03 -3.982304880173245021e+00
9.765030000000000655e+03 -3.976829145729126491e+00
9.765530000000000655e+03 -3.971377367497385347e+00
9.766030000000000655e+03 -3.965949431529624647e+00
9.766530000000000655e+03 -3.960545223877443455e+00
9.767030000000000655e+03 -3.955164630592442165e+00
9.767530000000000655e+03 -3.949807537726223838e+00
9.768030000000000655e+03 -3.944473831330389757e+00
9.768530000000000655e+03 -3.939163397456540316e+00
9.769030000000000655e+03 -3.933876122156277688e+00
9.769530000000000655e+03 -3.928611891481201379e+00
9.770030000000000655e+03 -3.923370591482914449e+00
9.770530000000000655e+03 -3.918152108213017293e+00
9.771030000000000655e+03 -3.912956327723109862e+00
9.771530000000000655e+03 -3.907783136064796103e+00
9.772030000000000655e+03 -3.902632419289675081e+00
9.772530000000000655e+03 -3.897504063449350298e+00
9.773030000000000655e+03 -3.892397954595420817e+00
9.773530000000000655e+03 -3.887313978779488366e+00
9.774030000000000655e+03 -3.882252022053155116e+00
9.774530000000000655e+03 -3.877211970468020130e+00
9.775030000000000655e+03 -3.872193710075686912e+00
9.775520000000000437e+03 -3.867296846890740714e+00
9.776030000000000655e+03 -3.862222107075829136e+00
9.776530000000000655e+03 -3.857268536571507589e+00
9.777030000000000655e+03 -3.852336301466390278e+00
9.777530000000000655e+03 -3.847425287812081152e+00
9.778000000000000000e+03 -3.842828182875695830e+00
9.778530000000000655e+03 -3.837666469062289032e+00
9.779030000000000655e+03 -3.832818436070008605e+00
9.779500000000000000e+03 -3.828280221261480154e+00
9.780030000000000655e+03 -3.823184553108685435e+00
9.780530000000000655e+03 -3.818398475242845702e+00
9.781030000000000655e+03 -3.813632821189021360e+00
9.781530000000000655e+03 -3.808887476998814137e+00
9.781989999999999782e+03 -3.804539600059865467e+00
9.782530000000000655e+03 -3.799457262415657066e+00
9.783030000000000655e+03 -3.794772164125907121e+00
9.783530000000000655e+03 -3.790106919906181204e+00
9.784010000000000218e+03 -3.785646858391040315e+00
9.784530000000000655e+03 -3.780835537883200370e+00
9.785030000000000655e+03 -3.776229172183148464e+00
9.785530000000000655e+03 -3.771642204759522166e+00
9.786010000000000218e+03 -3.767256860158023635e+00
9.786530000000000655e+03 -3.762526008947958189e+00
9.787030000000000655e+03 -3.757996552663220413e+00
9.787530000000000655e+03 -3.753486038861315599e+00
9.788030000000000655e+03 -3.748994353593844142e+00
9.788530000000000655e+03 -3.744521382912406438e+00
9.789020000000000437e+03 -3.740155918720251993e+00
9.789530000000000655e+03 -3.735631129514040527e+00
9.790030000000000655e+03 -3.731213618900314444e+00
9.790530000000000655e+03 -3.726814367079027246e+00
9.791030000000000655e+03 -3.722433260101780217e+00
9.791530000000000655e+03 -3.718070184020175972e+00
9.792040000000000873e+03 -3.713638303673389984e+00
9.792530000000000655e+03 -3.709397668750298749e+00
9.793030000000000655e+03 -3.705088001665226116e+00
9.793530000000000655e+03 -3.700795909682201845e+00
9.794030000000000655e+03 -3.696521278852825887e+00
9.794530000000000655e+03 -3.692263995228699969e+00
9.795000000000000000e+03 -3.688277863983585370e+00
9.795530000000000655e+03 -3.683801013802598501e+00
9.796030000000000655e+03 -3.679595088103827738e+00
9.796530000000000655e+03 -3.675406053816709928e+00
9.797030000000000655e+03 -3.671233796992848131e+00
9.797530000000000655e+03 -3.667078203683843185e+00
9.798030000000000655e+03 -3.662939159941296374e+00
9.798530000000000655e+03 -3.658816551816808538e+00
9.799030000000000655e+03 -3.654710265361981847e+00
9.799530000000000655e+03 -3.650620186628416253e+00
9.800030000000000655e+03 -3.646546201667713927e+00
9.800540000000000873e+03 -3.642407198640360555e+00
9.801030000000000655e+03 -3.638446057271303324e+00
9.801530000000000655e+03 -3.634419669938796282e+00
9.802030000000000655e+03 -3.630408920585558086e+00
9.802530000000000655e+03 -3.626413695263190018e+00
9.803030000000000655e+03 -3.622433880023291142e+00
9.803530000000000655e+03 -3.618469360917464073e+00
9.804030000000000655e+03 -3.614520023997310982e+00
9.804530000000000655e+03 -3.610585755314430045e+00
9.805020000000000437e+03 -3.606744681393293739e+00
9.805530000000000655e+03 -3.602761966866896870e+00
9.806030000000000655e+03 -3.598872219205447198e+00
9.806530000000000655e+03 -3.594997083987676589e+00
9.807030000000000655e+03 -3.591136447265185883e+00
9.807530000000000655e+03 -3.587290195089576805e+00
9.808030000000000655e+03 -3.583458213512450197e+00
9.808530000000000655e+03 -3.579640388585408228e+00
9.809030000000000655e+03 -3.575836606360050851e+00
9.809530000000000655e+03 -3.572046752887980237e+00
9.810030000000000655e+03 -3.568270714220798112e+00
9.810530000000000655e+03 -3.564508376410104429e+00
9.811030000000000655e+03 -3.560759625507500914e+00
9.811530000000000655e+03 -3.557024347564589295e+00
9.812030000000000655e+03 -3.553302428632969523e+00
9.812530000000000655e+03 -3.549593754764244213e+00
9.813020000000000437e+03 -3.545971994917195946e+00
9.813530000000000655e+03 -3.542215686421880783e+00
9.814010000000000218e+03 -3.538692602633854101e+00
9.814530000000000655e+03 -3.534889230950306604e+00
9.815030000000000655e+03 -3.531245073170070636e+00
9.815530000000000655e+03 -3.527613476762334166e+00
9.816030000000000655e+03 -3.523994327778701585e+00
9.816530000000000655e+03 -3.520387512270773289e+00
9.817010000000000218e+03 -3.516936466943820783e+00
9.817530000000000655e+03 -3.513210425888431132e+00
9.818030000000000655e+03 -3.509639927117221170e+00
9.818520000000000437e+03 -3.506152362785636356e+00
9.819030000000000655e+03 -3.502534448672729006e+00
9.819500000000000000e+03 -3.499211027110875172e+00
9.820030000000000655e+03 -3.495475569369481672e+00
9.820530000000000655e+03 -3.491963319524828080e+00
9.821030000000000655e+03 -3.488462377620289434e+00
9.821530000000000655e+03 -3.484972629707467462e+00
9.822030000000000655e+03 -3.481493961837962114e+00
9.822530000000000655e+03 -3.478026260063376451e+00
9.823010000000000218e+03 -3.474707477488591323e+00
9.823520000000000437e+03 -3.471192116736642852e+00
9.824030000000000655e+03 -3.467687811825143296e+00
9.824520000000000437e+03 -3.464331232219888701e+00
9.825030000000000655e+03 -3.460848254420270553e+00
9.825510000000000218e+03 -3.457579932230886666e+00
9.826030000000000655e+03 -3.454049826633502907e+00
9.826510000000000218e+03 -3.450800922865038700e+00
9.827030000000000655e+03 -3.447291616877650622e+00
9.827540000000000873e+03 -3.443860122179405181e+00
9.828030000000000655e+03 -3.440572713565521301e+00
9.828520000000000437e+03 -3.437294523556691850e+00
9.829030000000000655e+03 -3.433892205109927431e+00
9.829510000000000218e+03 -3.430698931233115978e+00
9.830030000000000655e+03 -3.427249179923677502e+00
9.830530000000000655e+03 -3.423941438685560001e+00
9.831030000000000655e+03 -3.420642726419582225e+00
9.831520000000000437e+03 -3.417418638491977578e+00
9.832030000000000655e+03 -3.414071933010451421e+00
9.832540000000000873e+03 -3.410734265615797511e+00
9.833020000000000437e+03 -3.407601079546191958e+00
9.833530000000000655e+03 -3.404280611477832785e+00
9.834020000000000437e+03 -3.401098537708569403e+00
9.834530000000000655e+03 -3.397794980112156527e+00
9.835020000000000437e+03 -3.394628930320213289e+00
9.835530000000000655e+03 -3.391341818286277565e+00
9.836030000000000655e+03 -3.388127128579765834e+00
9.836530000000000655e+03 -3.384920214413007944e+00
9.837030000000000655e+03 -3.381720961837604733e+00
9.837530000000000655e+03 -3.378529256905157485e+00
9.838030000000000655e+03 -3.375344985667267039e+00
9.838530000000000655e+03 -3.372168034175534235e+00
9.839030000000000655e+03 -3.368998288927386842e+00
9.839530000000000655e+03 -3.365835670199307739e+00
9.840030000000000655e+03 -3.362680155125564951e+00
9.840510000000000218e+03 -3.359657527613586492e+00
9.841030000000000655e+03 -3.356390366308626305e+00
9.841530000000000655e+03 -3.353256057749201435e+00
9.842030000000000655e+03 -3.350128783211651751e+00
9.842530000000000655e+03 -3.347008525287863634e+00
9.843030000000000655e+03 -3.343895266569721247e+00
9.843530000000000655e+03 -3.340788989649110530e+00
9.844030000000000655e+03 -3.337689677117916087e+00
9.844530000000000655e+03 -3.334597311568021638e+00
9.845030000000000655e+03 -3.331511875591314453e+00
9.845530000000000655e+03 -3.328433351779678251e+00
9.846030000000000655e+03 -3.325361722724998970e+00
9.846530000000000655e+03 -3.322296971019159884e+00
9.847030000000000655e+03 -3.319239079254049152e+00
9.847530000000000655e+03 -3.316188030021547828e+00
9.848030000000000655e+03 -3.313143805913544071e+00
9.848530000000000655e+03 -3.310106389521922043e+00
9.849030000000000655e+03 -3.307075763438566351e+00
9.849530000000000655e+03 -3.304051910255361602e+00
9.850040000000000873e+03 -3.300974539396829943e+00
9.850530000000000655e+03 -3.298024452956949126e+00
9.851030000000000655e+03 -3.295020814025511058e+00
9.851530000000000655e+03 -3.292023878361763689e+00
9.852030000000000655e+03 -3.289033628557594291e+00
9.852530000000000655e+03 -3.286050047204886582e+00
9.853030000000000655e+03 -3.283073116895525168e+00
9.853520000000000437e+03 -3.280162161257851317e+00
9.854040000000000873e+03 -3.277079933531401146e+00
9.854540000000000873e+03 -3.274122983702208334e+00
9.855000000000000000e+03 -3.271408402663951165e+00
9.855530000000000655e+03 -3.268287621714902169e+00
9.856000000000000000e+03 -3.265526291175879781e+00
9.856549999999999272e+03 -3.262302272805600367e+00
9.857020000000000437e+03 -3.259553446277598354e+00
9.857530000000000655e+03 -3.256577168722924576e+00
9.858010000000000218e+03 -3.253782122354295758e+00
9.858520000000000437e+03 -3.250818908796909934e+00
9.859010000000000218e+03 -3.247978213564471694e+00
9.859530000000000655e+03 -3.244970347126107324e+00
9.860030000000000655e+03 -3.242084703571533666e+00
9.860520000000000437e+03 -3.239262972502607418e+00
9.861010000000000218e+03 -3.236447361930028688e+00
9.861520000000000437e+03 -3.233523311157936675e+00
9.862010000000000218e+03 -3.230720140555571884e+00
9.862559999999999491e+03 -3.227580954984131889e+00
9.863030000000000655e+03 -3.224904421314148451e+00
9.863530000000000655e+03 -3.222063141640520989e+00
9.863989999999999782e+03 -3.219454700705630668e+00
9.864520000000000437e+03 -3.216455883154806905e+00
9.865030000000000655e+03 -3.213576841376083681e+00
9.865510000000000218e+03 -3.210873062861793859e+00
9.866030000000000655e+03 -3.207950416082351985e+00
9.866530000000000655e+03 -3.205146483675906932e+00
9.867000000000000000e+03 -3.202516407516493135e+00
9.867549999999999272e+03 -3.199445554994909457e+00
9.867989999999999782e+03 -3.196994212893640608e+00
9.868530000000000655e+03 -3.193992216130262740e+00
9.869000000000000000e+03 -3.191385153494846971e+00
9.869549999999999272e+03 -3.188341153565215080e+00
9.870010000000000218e+03 -3.185800893216864438e+00
9.870530000000000655e+03 -3.182935452323314429e+00
9.870989999999999782e+03 -3.180406071408037327e+00
9.871540000000000873e+03 -3.177388485718605438e+00
9.871969999999999345e+03 -3.175034331221800343e+00
9.872549999999999272e+03 -3.171865957391792001e+00
9.872989999999999782e+03 -3.169467709240692432e+00
9.873479999999999563e+03 -3.166802344895923937e+00
9.874040000000000873e+03 -3.163763177113377179e+00
9.874489999999999782e+03 -3.161326354928060134e+00
9.875049999999999272e+03 -3.158300522438327818e+00
9.875510000000000218e+03 -3.155820523843715808e+00
9.876020000000000437e+03 -3.153076748556498110e+00
9.876489999999999782e+03 -3.150553545311813419e+00
9.877030000000000655e+03 -3.147660889969184694e+00
9.877489999999999782e+03 -3.145202111215021024e+00
9.878010000000000218e+03 -3.142428514524102656e+00
9.878520000000000437e+03 -3.139714311933468949e+00
9.879000000000000000e+03 -3.137165229809175671e+00
9.879549999999999272e+03 -3.134250897096952038e+00
9.880020000000000437e+03 -3.131765943258952412e+00
9.880520000000000437e+03 -3.129127898135307007e+00
9.881020000000000437e+03 -3.126495529548732666e+00
9.881520000000000437e+03 -3.123868820091116216e+00
9.882020000000000437e+03 -3.121247752354342708e+00
9.882500000000000000e+03 -3.118736818898821817e+00
9.883010000000000218e+03 -3.116074614306179491e+00
9.883469999999999345e+03 -3.113678399059009561e+00
9.884030000000000655e+03 -3.110767633670414867e+00
9.884549999999999272e+03 -3.108071019242533151e+00
9.885020000000000437e+03 -3.105638847216938725e+00
9.885479999999999563e+03 -3.103263146427291730e+00
9.886020000000000437e+03 -3.100480223436663074e+00
9.886489999999999782e+03 -3.098063257998264763e+00
9.887010000000000218e+03 -3.095394798536837744e+00
9.887500000000000000e+03 -3.092885683988163326e+00
9.888000000000000000e+03 -3.090330742089823612e+00
9.888510000000000218e+03 -3.087730280912201586e+00
9.889000000000000000e+03 -3.085237089220045803e+00
9.889500000000000000e+03 -3.082698343432377808e+00
9.889959999999999127e+03 -3.080367435103010809e+00
9.890559999999999491e+03 -3.077333920317101956e+00
9.890969999999999345e+03 -3.075265432179532077e+00
9.891549999999999272e+03 -3.072345377076379336e+00
9.891979999999999563e+03 -3.070185107227612065e+00
9.892510000000000218e+03 -3.067527818288787511e+00
9.892989999999999782e+03 -3.065126316762463166e+00
9.893479999999999563e+03 -3.062679767249194551e+00
9.894000000000000000e+03 -3.060088917299299549e+00
9.894459999999999127e+03 -3.057801707026611915e+00
9.895020000000000437e+03 -3.055023206229152688e+00
9.895489999999999782e+03 -3.052696258455617428e+00
9.895930000000000291e+03 -3.050521967936932644e+00
9.896559999999999491e+03 -3.047415706040488725e+00
9.897000000000000000e+03 -3.045251074552260739e+00
9.897500000000000000e+03 -3.042796061988035650e+00
9.897979999999999563e+03 -3.040444034449074184e+00
9.898530000000000655e+03 -3.037754744749155744e+00
9.899049999999999272e+03 -3.035217763045777950e+00
9.899559999999999491e+03 -3.032734855554783060e+00
9.900000000000000000e+03 -3.030596931366931202e+00
9.900520000000000437e+03 -3.028075283083037750e+00
9.900989999999999782e+03 -3.025800736106022626e+00
9.901569999999999709e+03 -3.022999892760148466e+00
9.902049999999999272e+03 -3.020686985284161796e+00
9.902510000000000218e+03 -3.018474709974590109e+00
9.903010000000000218e+03 -3.016074776944374758e+00
9.903500000000000000e+03 -3.013727590380524290e+00
9.904010000000000218e+03 -3.011289574036013494e+00
9.904450000000000728e+03 -3.009190249941397610e+00
9.905040000000000873e+03 -3.006381131712135613e+00
9.905440000000000509e+03 -3.004480466215172729e+00
9.906069999999999709e+03 -3.001493155605305940e+00
9.906510000000000218e+03 -2.999411289440148121e+00
9.907000000000000000e+03 -2.997097195939439462e+00
9.907469999999999345e+03 -2.994881845998157210e+00
9.908059999999999491e+03 -2.992106799643527104e+00
9.908510000000000218e+03 -2.989994656150764207e+00
9.909010000000000218e+03 -2.987652296425697518e+00
9.909469999999999345e+03 -2.985501463347388640e+00
9.910059999999999491e+03 -2.982748568673305289e+00
9.910579999999999927e+03 -2.980327655286353572e+00
9.910989999999999782e+03 -2.978422389974741513e+00
9.911510000000000218e+03 -2.976010418978292105e+00
9.911969999999999345e+03 -2.973880898135426776e+00
9.912510000000000218e+03 -2.971385972930884911e+00
9.912940000000000509e+03 -2.969403080555203189e+00
9.913579999999999927e+03 -2.966458024201766630e+00
9.914000000000000000e+03 -2.964529362759523057e+00
9.914489999999999782e+03 -2.962283279830522531e+00
9.915020000000000437e+03 -2.959858701419834759e+00
9.915469999999999345e+03 -2.957804045210396193e+00
9.916049999999999272e+03 -2.955161148310272434e+00
9.916489999999999782e+03 -2.953160178409533820e+00
9.917020000000000437e+03 -2.950754467096621259e+00
9.917469999999999345e+03 -2.948715768705313600e+00
9.917989999999999782e+03 -2.946364367343658142e+00
9.918479999999999563e+03 -2.944152951476294522e+00
9.918979999999999563e+03 -2.941900715921822229e+00
9.919430000000000291e+03 -2.939877412985588467e+00
9.920059999999999491e+03 -2.937050667188754627e+00
9.920500000000000000e+03 -2.935080482894296239e+00
9.920989999999999782e+03 -2.932890318462107793e+00
9.921510000000000218e+03 -2.930570544571745817e+00
9.921979999999999563e+03 -2.928477780913228301e+00
9.922520000000000437e+03 -2.926077945581780249e+00
9.922969999999999345e+03 -2.924081838637795805e+00
9.923489999999999782e+03 -2.921779460885343127e+00
9.923969999999999345e+03 -2.919658202823826709e+00
9.924559999999999491e+03 -2.917056078689758802e+00
9.925000000000000000e+03 -2.915119268540748987e+00
9.925489999999999782e+03 -2.912966127978731556e+00
9.925989999999999782e+03 -2.910773115400399291e+00
9.926440000000000509e+03 -2.908802904469875994e+00
9.927069999999999709e+03 -2.906050155361777687e+00
9.927469999999999345e+03 -2.904305722363196729e+00
9.928040000000000873e+03 -2.901824372708248223e+00
9.928520000000000437e+03 -2.899738870403317126e+00
9.929010000000000218e+03 -2.897613727516726190e+00
9.929479999999999563e+03 -2.895578924405766585e+00
9.929959999999999127e+03 -2.893504449909976461e+00
9.930569999999999709e+03 -2.890873396220397407e+00
9.931000000000000000e+03 -2.889022239453734819e+00
9.931500000000000000e+03 -2.886873375512833739e+00
9.931950000000000728e+03 -2.884942734335000036e+00
9.932450000000000728e+03 -2.882801268560934993e+00
9.933020000000000437e+03 -2.880364715420765886e+00
9.933500000000000000e+03 -2.878316761724791117e+00
9.933969999999999345e+03 -2.876314895786530546e+00
9.934549999999999272e+03 -2.873849153890509101e+00
9.935020000000000437e+03 -2.871854800034659760e+00
9.935479999999999563e+03 -2.869906112696231748e+00
9.935969999999999345e+03 -2.867833840116499999e+00
9.936489999999999782e+03 -2.865638628114013375e+00
9.936969999999999345e+03 -2.863615857776685925e+00
9.937569999999999709e+03 -2.861092203050165317e+00
9.937950000000000728e+03 -2.859496642108718234e+00
9.938489999999999782e+03 -2.857232930977856356e+00
9.938979999999999563e+03 -2.855182538051585173e+00
9.939520000000000437e+03 -2.852927006098882945e+00
9.939930000000000291e+03 -2.851217326846229305e+00
