9.500040000000000873e+03 5.028950201854717195e-01
9.500540000000000873e+03 5.028628540407211744e-01
9.501030000000000655e+03 5.028313348571774588e-01
9.501530000000000655e+03 5.027991761369312584e-01
9.502030000000000655e+03 5.027670211654901022e-01
9.502540000000000873e+03 5.027342269559804677e-01
9.503040000000000873e+03 5.027020795551907506e-01
9.503530000000000655e+03 5.026705787376533063e-01
9.504030000000000655e+03 5.026384387550909549e-01
9.504530000000000655e+03 5.026063025181627397e-01
9.505030000000000655e+03 5.025741700262360556e-01
9.505530000000000655e+03 5.025420412786784086e-01
9.506030000000000655e+03 5.025099162748555282e-01
9.506530000000000655e+03 5.024777950141339211e-01
9.507030000000000655e+03 5.024456774958817595e-01
9.507530000000000655e+03 5.024135637194656612e-01
9.508030000000000655e+03 5.023814536842519107e-01
9.508530000000000655e+03 5.023493473896097905e-01
9.509030000000000655e+03 5.023172448349064734e-01
9.509530000000000655e+03 5.022851460195083551e-01
9.510030000000000655e+03 5.022530509427840517e-01
9.510530000000000655e+03 5.022209596041021795e-01
9.511030000000000655e+03 5.021888720028305775e-01
9.511530000000000655e+03 5.021567881383370846e-01
9.512030000000000655e+03 5.021247080099906501e-01
9.512530000000000655e+03 5.020926316171594461e-01
9.513030000000000655e+03 5.020605589592127549e-01
9.513530000000000655e+03 5.020284900355187485e-01
9.514030000000000655e+03 5.019964248454470424e-01
9.514520000000000437e+03 5.019650045809289640e-01
9.515030000000000655e+03 5.019323056636456615e-01
9.515530000000000655e+03 5.019002516706555506e-01
9.516030000000000655e+03 5.018682014087635368e-01
9.516520000000000437e+03 5.018367957714159333e-01
9.517030000000000655e+03 5.018041120757584794e-01
9.517530000000000655e+03 5.017720730033836674e-01
9.518030000000000655e+03 5.017400376595878564e-01
9.518520000000000437e+03 5.017086466395280775e-01
9.519030000000000655e+03 5.016759781552151409e-01
9.519530000000000655e+03 5.016439539933774672e-01
9.520030000000000655e+03 5.016119335576014748e-01
9.520540000000000873e+03 5.015792765510452833e-01
9.521030000000000655e+03 5.015479038617161045e-01
9.521530000000000655e+03 5.015158946003478446e-01
9.522030000000000655e+03 5.014838890625235024e-01
9.522530000000000655e+03 5.014518872476165789e-01
9.523030000000000655e+03 5.014198891549975778e-01
9.523530000000000655e+03 5.013878947840370026e-01
9.524030000000000655e+03 5.013559041341076883e-01
9.524530000000000655e+03 5.013239172045813596e-01
9.525030000000000655e+03 5.012919339948311848e-01
9.525530000000000655e+03 5.012599545042270011e-01
9.526030000000000655e+03 5.012279787321430868e-01
9.526530000000000655e+03 5.011960066779507228e-01
9.527030000000000655e+03 5.011640383410232991e-01
9.527530000000000655e+03 5.011320737207333176e-01
9.528030000000000655e+03 5.011001128164545015e-01
9.528530000000000655e+03 5.010681556275575765e-01
9.529040000000000873e+03 5.010355631218224026e-01
9.529530000000000655e+03 5.010042523934088443e-01
9.530030000000000655e+03 5.009723063469020410e-01
9.530530000000000655e+03 5.009403640132723545e-01
9.531030000000000655e+03 5.009084253918938412e-01
9.531530000000000655e+03 5.008764904821391140e-01
9.532030000000000655e+03 5.008445592833836724e-01
9.532530000000000655e+03 5.008126317950000184e-01
9.533030000000000655e+03 5.007807080163630964e-01
9.533530000000000655e+03 5.007487879468477399e-01
9.534030000000000655e+03 5.007168715858288932e-01
9.534530000000000655e+03 5.006849589326797245e-01
9.535030000000000655e+03 5.006530499867763995e-01
9.535530000000000655e+03 5.006211447474931964e-01
9.536030000000000655e+03 5.005892432142056148e-01
9.536530000000000655e+03 5.005573453862882660e-01
9.537030000000000655e+03 5.005254512631177599e-01
9.537530000000000655e+03 5.004935608440677086e-01
9.538030000000000655e+03 5.004616741285163872e-01
9.538530000000000655e+03 5.004297911158364087e-01
9.539030000000000655e+03 5.003979118054070474e-01
9.539530000000000655e+03 5.003660361966015824e-01
9.540030000000000655e+03 5.003341642887972895e-01
9.540530000000000655e+03 5.003022960813716669e-01
9.541030000000000655e+03 5.002704315736991036e-01
9.541530000000000655e+03 5.002385707651575419e-01
9.542030000000000655e+03 5.002067136551235915e-01
9.542530000000000655e+03 5.001748602429743062e-01
9.543030000000000655e+03 5.001430105280855187e-01
9.543530000000000655e+03 5.001111645098363923e-01
9.544030000000000655e+03 5.000793221876023154e-01
9.544530000000000655e+03 5.000474835607613411e-01
9.545030000000000655e+03 5.000156486286922997e-01
9.545530000000000655e+03 4.999838173907715233e-01
9.546030000000000655e+03 4.999519898463766765e-01
9.546530000000000655e+03 4.999201659948867005e-01
9.547030000000000655e+03 4.998883458356794263e-01
9.547520000000000437e+03 4.998571656613098324e-01
9.548030000000000655e+03 4.998247165916261947e-01
9.548530000000000655e+03 4.997929075055376202e-01
9.549030000000000655e+03 4.997611021092445149e-01
9.549520000000000437e+03 4.997300556371875868e-01
9.550030000000000655e+03 4.997584306509116336e-01
9.550530000000000655e+03 4.997862493847738397e-01
9.551030000000000655e+03 4.998140682106678168e-01
9.551530000000000655e+03 4.998418871285876253e-01
9.552030000000000655e+03 4.998697061385302121e-01
9.552530000000000655e+03 4.998975252404894709e-01
9.553030000000000655e+03 4.999253444344625152e-01
9.553530000000000655e+03 4.999531637204444046e-01
9.554030000000000655e+03 4.999809830984301429e-01
9.554530000000000655e+03 5.000088025684158444e-01
9.555030000000000655e+03 5.000366221303965686e-01
9.555520000000000437e+03 5.000638853903868197e-01
9.556030000000000655e+03 5.000922615303241558e-01
9.556530000000000655e+03 5.001200813682632473e-01
9.557030000000000655e+03 5.001479012981790984e-01
9.557530000000000655e+03 5.001757213200671570e-01
9.558020000000000437e+03 5.002029850307447845e-01
9.558530000000000655e+03 5.002313616397435769e-01
9.559030000000000655e+03 5.002591819375226123e-01
9.559530000000000655e+03 5.002870023272560918e-01
9.560030000000000655e+03 5.003148228089392413e-01
9.560530000000000655e+03 5.003426433825685082e-01
9.561030000000000655e+03 5.003704640481384525e-01
9.561530000000000655e+03 5.003982848056443000e-01
9.562030000000000655e+03 5.004261056550827202e-01
9.562530000000000655e+03 5.004539265964491612e-01
9.563030000000000655e+03 5.004817476297381829e-01
9.563530000000000655e+03 5.005095687549452332e-01
9.564020000000000437e+03 5.005368335468234342e-01
9.564530000000000655e+03 5.005652112810980991e-01
9.565030000000000655e+03 5.005930326820341447e-01
9.565530000000000655e+03 5.006208541748699004e-01
9.566030000000000655e+03 5.006486757596029236e-01
9.566530000000000655e+03 5.006764974362268861e-01
9.567030000000000655e+03 5.007043192047376801e-01
9.567530000000000655e+03 5.007321410651308646e-01
9.568030000000000655e+03 5.007599630174025540e-01
9.568530000000000655e+03 5.007877850615473081e-01
9.569030000000000655e+03 5.008156071975609080e-01
9.569530000000000655e+03 5.008434294254394681e-01
9.570030000000000655e+03 5.008712517451776591e-01
9.570530000000000655e+03 5.008990741567715954e-01
9.571030000000000655e+03 5.009268966602161699e-01
9.571530000000000655e+03 5.009547192555072748e-01
9.572020000000000437e+03 5.009819854879981049e-01
9.572530000000000655e+03 5.010103647216110900e-01
9.573030000000000655e+03 5.010381875924150297e-01
9.573530000000000655e+03 5.010660105550475141e-01
9.574030000000000655e+03 5.010938336095038803e-01
9.574530000000000655e+03 5.011216567557801316e-01
9.575030000000000655e+03 5.011494799938716049e-01
9.575530000000000655e+03 5.011773033237731934e-01
9.576010000000000218e+03 5.012040138068502015e-01
9.576530000000000655e+03 5.012329502589900621e-01
9.577010000000000218e+03 5.012596609183220808e-01
9.577530000000000655e+03 5.012885975613956546e-01
9.578030000000000655e+03 5.013164213502830924e-01
9.578530000000000655e+03 5.013442452309533337e-01
9.579030000000000655e+03 5.013720692034038251e-01
9.579530000000000655e+03 5.013998932676277942e-01
9.580030000000000655e+03 5.014277174236227985e-01
9.580530000000000655e+03 5.014555416713832869e-01
9.581020000000000437e+03 5.014828095232153338e-01
9.581530000000000655e+03 5.015111904421831746e-01
9.582030000000000655e+03 5.015390149652136920e-01
9.582530000000000655e+03 5.015668395799915968e-01
9.583030000000000655e+03 5.015946642865134475e-01
9.583530000000000655e+03 5.016224890847738038e-01
9.584030000000000655e+03 5.016503139747683360e-01
9.584530000000000655e+03 5.016781389564926030e-01
9.585020000000000437e+03 5.017054075275746428e-01
9.585530000000000655e+03 5.017337891951122453e-01
9.586030000000000655e+03 5.017616144519998489e-01
9.586530000000000655e+03 5.017894398005980916e-01
9.587030000000000655e+03 5.018172652409037537e-01
9.587530000000000655e+03 5.018450907729133936e-01
9.588030000000000655e+03 5.018729163966210161e-01
9.588530000000000655e+03 5.019007421120224022e-01
9.589030000000000655e+03 5.019285679191124450e-01
9.589530000000000655e+03 5.019563938178890350e-01
9.590020000000000437e+03 5.019836632876374383e-01
9.590530000000000655e+03 5.020120458904774319e-01
9.591030000000000655e+03 5.020398720642811341e-01
9.591530000000000655e+03 5.020676983297521767e-01
9.592030000000000655e+03 5.020955246868855637e-01
9.592510000000000218e+03 5.021222380759657877e-01
9.593030000000000655e+03 5.021511776761226065e-01
9.593530000000000655e+03 5.021790043082173804e-01
9.594030000000000655e+03 5.022068310319569573e-01
9.594530000000000655e+03 5.022346578473362300e-01
9.595000000000000000e+03 5.022608151373464391e-01
9.595530000000000655e+03 5.022903117529978756e-01
9.596030000000000655e+03 5.023181388432708117e-01
9.596530000000000655e+03 5.023459660251672343e-01
9.597020000000000437e+03 5.023732367523121578e-01
9.597530000000000655e+03 5.024016206638072246e-01
9.598030000000000655e+03 5.024294481205433538e-01
9.598530000000000655e+03 5.024572756688833186e-01
9.599030000000000655e+03 5.024851033088235663e-01
9.599530000000000655e+03 5.025129310403594340e-01
9.600030000000000655e+03 5.025407588634863698e-01
9.600530000000000655e+03 5.025685867781988225e-01
9.601030000000000655e+03 5.025964147844942387e-01
9.601530000000000655e+03 5.026242428823681774e-01
9.602030000000000655e+03 5.026520710718140883e-01
9.602530000000000655e+03 5.026798993528285298e-01
9.603000000000000000e+03 5.027060580204716356e-01
9.603530000000000655e+03 5.027355561895474612e-01
9.604030000000000655e+03 5.027633847452410709e-01
9.604530000000000655e+03 5.027912133924857807e-01
9.605010000000000218e+03 5.028179289799681317e-01
9.605530000000000655e+03 5.028468709616107368e-01
9.606010000000000218e+03 5.028735867248490532e-01
9.606530000000000655e+03 5.029025288968851370e-01
9.607030000000000655e+03 5.029303580018174014e-01
9.607530000000000655e+03 5.029581871982741204e-01
9.608010000000000218e+03 5.029849033129737412e-01
9.608530000000000655e+03 5.030138458657411604e-01
9.609030000000000655e+03 5.030573843860848271e-01
9.609530000000000655e+03 5.033462414877711844e-01
9.610010000000000218e+03 5.036236861963024891e-01
9.610530000000000655e+03 5.039244082231327804e-01
9.611030000000000655e+03 5.042137179986150297e-01
9.611530000000000655e+03 5.045031788072357193e-01
9.612030000000000655e+03 5.047927907199830644e-01
9.612520000000000437e+03 5.050767570641175874e-01
9.613030000000000655e+03 5.053724681419003995e-01
9.613489999999999782e+03 5.056393229709298387e-01
9.614030000000000655e+03 5.059527508328304224e-01
9.614530000000000655e+03 5.062431193319412159e-01
9.615030000000000655e+03 5.065336393617060340e-01
9.615530000000000655e+03 5.068243109932929480e-01
9.616030000000000655e+03 5.071151342979394183e-01
9.616530000000000655e+03 5.074061093468933414e-01
9.617030000000000655e+03 5.076972362114225978e-01
9.617530000000000655e+03 5.079885149628547980e-01
9.618030000000000655e+03 5.082799456725178855e-01
9.618530000000000655e+03 5.085715284117796608e-01
9.619020000000000437e+03 5.088574270641935682e-01
9.619530000000000655e+03 5.091551502647609917e-01
9.620030000000000655e+03 5.094471895213565915e-01
9.620530000000000655e+03 5.097393810933331659e-01
9.621030000000000655e+03 5.100317250522087287e-01
9.621530000000000655e+03 5.103242214695415946e-01
9.622030000000000655e+03 5.106168704169004036e-01
9.622530000000000655e+03 5.109096719658937635e-01
9.623030000000000655e+03 5.112026261881602585e-01
9.623530000000000655e+03 5.114957331553688924e-01
9.624010000000000218e+03 5.117772596128910001e-01
9.624530000000000655e+03 5.120824056114489098e-01
9.625020000000000437e+03 5.123700984316814644e-01
9.625530000000000655e+03 5.126696899080682712e-01
9.626020000000000437e+03 5.129576827398244498e-01
9.626530000000000655e+03 5.132575866196549264e-01
9.627030000000000655e+03 5.135517648106924238e-01
9.627530000000000655e+03 5.138460963211098909e-01
9.628030000000000655e+03 5.141405812228282413e-01
9.628530000000000655e+03 5.144352195878183487e-01
9.629030000000000655e+03 5.147300114880815070e-01
9.629530000000000655e+03 5.150249569956493190e-01
9.630030000000000655e+03 5.153200561825735937e-01
9.630530000000000655e+03 5.156153091209365602e-01
9.631030000000000655e+03 5.159107158828705186e-01
9.631530000000000655e+03 5.162062765405186493e-01
9.632030000000000655e+03 5.165019911660638785e-01
9.632520000000000437e+03 5.167919409483314741e-01
9.633030000000000655e+03 5.170938826096795893e-01
9.633530000000000655e+03 5.173900595722683571e-01
9.634030000000000655e+03 5.180876954756220565e-01
9.634530000000000655e+03 5.192579728665086547e-01
9.635030000000000655e+03 5.204308327894257014e-01
9.635530000000000655e+03 5.216062808089086955e-01
9.636030000000000655e+03 5.227843225012750450e-01
9.636530000000000655e+03 5.239649634545273660e-01
9.637020000000000437e+03 5.251245187882788157e-01
9.637530000000000655e+03 5.263340655545508673e-01
9.637989999999999782e+03 5.274273637406909909e-01
9.638530000000000655e+03 5.287136320484602248e-01
9.639030000000000655e+03 5.299073535384114519e-01
9.639530000000000655e+03 5.311037080649256836e-01
9.640030000000000655e+03 5.323027012987583406e-01
9.640520000000000437e+03 5.334802802182303516e-01
9.641030000000000655e+03 5.347086266308972435e-01
9.641530000000000655e+03 5.359155701304894048e-01
9.642030000000000655e+03 5.371251751398151697e-01
9.642530000000000655e+03 5.383374473895528034e-01
9.643030000000000655e+03 5.395523926222560718e-01
9.643530000000000655e+03 5.407700165926699887e-01
9.644030000000000655e+03 5.419903250675887074e-01
9.644530000000000655e+03 5.432133238258805008e-01
9.645030000000000655e+03 5.444772364087029359e-01
9.645530000000000655e+03 5.469115874296436308e-01
9.646030000000000655e+03 5.493566953695473432e-01
9.646530000000000655e+03 5.535493661161448031e-01
9.647020000000000437e+03 5.585736493631440203e-01
9.647530000000000655e+03 5.638511693727976670e-01
9.648020000000000437e+03 5.689684239332930549e-01
9.648530000000000655e+03 5.743435961410970902e-01
9.649030000000000655e+03 5.796623867783031736e-01
9.649530000000000655e+03 5.850301533915177599e-01
9.650030000000000655e+03 5.904473443839991509e-01
9.650510000000000218e+03 5.956947661760044754e-01
9.651030000000000655e+03 6.014318135642573449e-01
9.651530000000000655e+03 6.070000091152772947e-01
9.652030000000000655e+03 6.126194638469468767e-01
9.652530000000000655e+03 6.218037608862403420e-01
9.653020000000000437e+03 6.409769157813806073e-01
9.653530000000000655e+03 6.615597143170220962e-01
9.654030000000000655e+03 6.823793230488802708e-01
9.654530000000000655e+03 7.038530055702593158e-01
9.655030000000000655e+03 7.260012749384278097e-01
9.655530000000000655e+03 7.515459497123939681e-01
9.656030000000000655e+03 8.229616149394546332e-01
9.656530000000000655e+03 9.011593189924995695e-01
9.657030000000000655e+03 9.867827207395272193e-01
9.657530000000000655e+03 1.189301975853649385e+00
9.658030000000000655e+03 1.456989697823665386e+00
9.658530000000000655e+03 1.784909731242753317e+00
9.659030000000000655e+03 2.186610704984752296e+00
9.659530000000000655e+03 2.678687921180133547e+00
9.660030000000000655e+03 3.281468245626111280e+00
9.660530000000000655e+03 3.437929477856963345e+00
9.661030000000000655e+03 3.515884592318985202e+00
9.661530000000000655e+03 3.595603168126670024e+00
9.662030000000000655e+03 3.636562709231451862e+00
9.662510000000000218e+03 3.656227380370105084e+00
9.663030000000000655e+03 3.677649678078963813e+00
9.663530000000000655e+03 3.698365303418734040e+00
9.664030000000000655e+03 3.719196535750006749e+00
9.664530000000000655e+03 3.740144014206145062e+00
9.665030000000000655e+03 3.753794554937261996e+00
9.665530000000000655e+03 3.758785200722721598e+00
9.666030000000000655e+03 3.763782222864224813e+00
9.666530000000000655e+03 3.768785629178159180e+00
9.667030000000000655e+03 3.773795427490088894e+00
9.667530000000000655e+03 3.778811625634599380e+00
9.668030000000000655e+03 3.783834231455823094e+00
9.668530000000000655e+03 3.788863252806755622e+00
9.669030000000000655e+03 3.793898697549789922e+00
9.669540000000000873e+03 3.799041476729479783e+00
9.670030000000000655e+03 3.803988888707386717e+00
9.670520000000000437e+03 3.808942492417165315e+00
9.671030000000000655e+03 3.813857630322661674e+00
9.671530000000000655e+03 3.814815045802284033e+00
9.672030000000000655e+03 3.815772652113669228e+00
9.672530000000000655e+03 3.816730449285033799e+00
9.673030000000000655e+03 3.817688437344496588e+00
9.673530000000000655e+03 3.818646616320249709e+00
9.674030000000000655e+03 3.819604986240485722e+00
9.674530000000000655e+03 3.820563547133400739e+00
9.675030000000000655e+03 3.821522299027097613e+00
9.675520000000000437e+03 3.822462061219120688e+00
9.676030000000000655e+03 3.823440375929821222e+00
9.676510000000000218e+03 3.824361324323366507e+00
9.677030000000000655e+03 3.825359217174098436e+00
9.677530000000000655e+03 3.826318924494833684e+00
9.678030000000000655e+03 3.827278822985528794e+00
9.678530000000000655e+03 3.828238912674439831e+00
9.679010000000000218e+03 3.829160778681195421e+00
9.679530000000000655e+03 3.830159665759568455e+00
9.680030000000000655e+03 3.831120329212252873e+00
9.680510000000000218e+03 3.832042746111891329e+00
9.681030000000000655e+03 3.833042230078892221e+00
9.681530000000000655e+03 3.834003467549236266e+00
9.682030000000000655e+03 3.834964896415273383e+00
9.682530000000000655e+03 3.835926516705222777e+00
9.683030000000000655e+03 3.836888328447241481e+00
9.683530000000000655e+03 3.837584761594738048e+00
9.684030000000000655e+03 3.837526199861521103e+00
9.684530000000000655e+03 3.837467642045433891e+00
9.685030000000000655e+03 3.837409088146015002e+00
9.685530000000000655e+03 3.837350538162800362e+00
9.686020000000000437e+03 3.837293162978302696e+00
9.686530000000000655e+03 3.837233449943123986e+00
9.687030000000000655e+03 3.837174911705735436e+00
9.687530000000000655e+03 3.837116377382693955e+00
9.688030000000000655e+03 3.837057846973537245e+00
9.688530000000000655e+03 3.836999320477800346e+00
9.689030000000000655e+03 3.836940797895019184e+00
9.689530000000000655e+03 3.836882279224730130e+00
9.690030000000000655e+03 3.836823764466472664e+00
9.690530000000000655e+03 3.836765253619780491e+00
9.691030000000000655e+03 3.836706746684192204e+00
9.691530000000000655e+03 3.836648243659242841e+00
9.692030000000000655e+03 3.836589744544470548e+00
9.692530000000000655e+03 3.836531249339411254e+00
9.693030000000000655e+03 3.836472758043603548e+00
9.693530000000000655e+03 3.836414270656583358e+00
9.694000000000000000e+03 3.836359296076403691e+00
9.694530000000000655e+03 3.836297307607054119e+00
9.695030000000000655e+03 3.836238831943620031e+00
9.695530000000000655e+03 3.836180360187124272e+00
9.696030000000000655e+03 3.836121892337101436e+00
9.696530000000000655e+03 3.836063428393091002e+00
9.697030000000000655e+03 3.836004968354631561e+00
9.697530000000000655e+03 3.835946512221255933e+00
9.698030000000000655e+03 3.835888059992509813e+00
9.698530000000000655e+03 3.835829611667924688e+00
9.699030000000000655e+03 3.835771167247041813e+00
9.699500000000000000e+03 3.835716233050393331e+00
9.700030000000000655e+03 3.835654290114529630e+00
9.700530000000000655e+03 3.835595857401979725e+00
9.701030000000000655e+03 3.835537428591281106e+00
9.701530000000000655e+03 3.835479003681976806e+00
9.702010000000000218e+03 3.835422919439044342e+00
9.702530000000000655e+03 3.835362165565695314e+00
9.703030000000000655e+03 3.835303752357798412e+00
9.703530000000000655e+03 3.835245343049447087e+00
9.704030000000000655e+03 3.835186937640181704e+00
9.704530000000000655e+03 3.835128536129539523e+00
9.705030000000000655e+03 3.835070138517060467e+00
9.705530000000000655e+03 3.835011744802282241e+00
9.706030000000000655e+03 3.834953354984747431e+00
9.706530000000000655e+03 3.834894969063992409e+00
9.707020000000000437e+03 3.834837754641863494e+00
9.707530000000000655e+03 3.834778208910977426e+00
9.708030000000000655e+03 3.834719834677798200e+00
9.708530000000000655e+03 3.834504674026641524e+00
9.709030000000000655e+03 3.834208846830998496e+00
9.709530000000000655e+03 3.833913057690535364e+00
9.710030000000000655e+03 3.833617306598395835e+00
9.710489999999999782e+03 3.833345249192023907e+00
9.711030000000000655e+03 3.833025918531693055e+00
9.711530000000000655e+03 3.832730281543422546e+00
9.712030000000000655e+03 3.832434682576080220e+00
9.712530000000000655e+03 3.832139121622816003e+00
9.713030000000000655e+03 3.831843598676780704e+00
9.713530000000000655e+03 3.831548113731135796e+00
9.714030000000000655e+03 3.831252666779036087e+00
9.714530000000000655e+03 3.830957257813646155e+00
9.715030000000000655e+03 3.830661886828111928e+00
9.715530000000000655e+03 3.830366553815622854e+00
9.716030000000000655e+03 3.830071258769315978e+00
9.716530000000000655e+03 3.829776001682372311e+00
9.717030000000000655e+03 3.829480782547964424e+00
9.717530000000000655e+03 3.829185601359244462e+00
9.718030000000000655e+03 3.828890458109387218e+00
9.718530000000000655e+03 3.828595352791577699e+00
9.719030000000000655e+03 3.828300285398975600e+00
9.719530000000000655e+03 3.828005255924765926e+00
9.720030000000000655e+03 3.827710264362120807e+00
9.720530000000000655e+03 3.827415310704221696e+00
9.721030000000000655e+03 3.827120394944249604e+00
9.721530000000000655e+03 3.826825517075368666e+00
9.722030000000000655e+03 3.826530677090794530e+00
9.722520000000000437e+03 3.826241770654675189e+00
9.723030000000000655e+03 3.825941110747234752e+00
9.723530000000000655e+03 3.825646384374635556e+00
9.724030000000000655e+03 3.825351695859076973e+00
9.724530000000000655e+03 3.825057045193740901e+00
9.725030000000000655e+03 3.824762432371831888e+00
9.725530000000000655e+03 3.824467857386532277e+00
9.726030000000000655e+03 3.824173320231050166e+00
9.726530000000000655e+03 3.823878820898581221e+00
9.727020000000000437e+03 3.823590248242084044e+00
9.727530000000000655e+03 3.823289935675449502e+00
9.728030000000000655e+03 3.822995549771208701e+00
9.728530000000000655e+03 3.822701201662773940e+00
9.729030000000000655e+03 3.822406891343368862e+00
9.729530000000000655e+03 3.822112618806178919e+00
9.730030000000000655e+03 3.821818384044430861e+00
9.730530000000000655e+03 3.821524187051332344e+00
9.731030000000000655e+03 3.821230027820083475e+00
9.731530000000000655e+03 3.820935906343903454e+00
9.732030000000000655e+03 3.820641822616015482e+00
9.732530000000000655e+03 3.820347776629622327e+00
9.733030000000000655e+03 3.820053768377948522e+00
9.733530000000000655e+03 3.819759797854219041e+00
9.734030000000000655e+03 3.819465865051642872e+00
9.734530000000000655e+03 3.819171969963447655e+00
9.735030000000000655e+03 3.818878112582863249e+00
9.735530000000000655e+03 3.818584292903111965e+00
9.736030000000000655e+03 3.818290510917414782e+00
9.736530000000000655e+03 3.817996766619006888e+00
9.737030000000000655e+03 3.817703060001112370e+00
9.737530000000000655e+03 3.817409391056979295e+00
9.738030000000000655e+03 3.817115759779824202e+00
9.738530000000000655e+03 3.816822166162887164e+00
9.739030000000000655e+03 3.816528610199397598e+00
9.739530000000000655e+03 3.816235091882608010e+00
9.740030000000000655e+03 3.815941611205752704e+00
9.740489999999999782e+03 3.815671642220824999e+00
9.741030000000000655e+03 3.815354762744810557e+00
9.741530000000000655e+03 3.815051902303241427e+00
9.742000000000000000e+03 3.814708374407234537e+00
9.742530000000000655e+03 3.814321048873194009e+00
9.743030000000000655e+03 3.813955702789160185e+00
9.743530000000000655e+03 3.813590410444894996e+00
9.744030000000000655e+03 3.813225171829737192e+00
9.744530000000000655e+03 3.812859986933041956e+00
9.745030000000000655e+03 3.812494855744116951e+00
9.745510000000000218e+03 3.812144380321169645e+00
9.746030000000000655e+03 3.811764754447057424e+00
9.746530000000000655e+03 3.811399784317611950e+00
9.747030000000000655e+03 3.811034867853364538e+00
9.747530000000000655e+03 3.810670005043659714e+00
9.748030000000000655e+03 3.810305195877869533e+00
9.748530000000000655e+03 3.809940440345354506e+00
9.749030000000000655e+03 3.809575738435466707e+00
9.749530000000000655e+03 3.809211090137583966e+00
9.750020000000000437e+03 3.808853786809780040e+00
9.750530000000000655e+03 3.808481954335313002e+00
9.751030000000000655e+03 3.808117466809680884e+00
9.751530000000000655e+03 3.807753032853542496e+00
9.752030000000000655e+03 3.807388652456288103e+00
9.752530000000000655e+03 3.807024325607299087e+00
9.753030000000000655e+03 3.806660052295956387e+00
9.753530000000000655e+03 3.806295832511646715e+00
9.754030000000000655e+03 3.805931666243781653e+00
9.754530000000000655e+03 3.805567553481726151e+00
9.755030000000000655e+03 3.805203494214896232e+00
9.755530000000000655e+03 3.804839488432688377e+00
9.756010000000000218e+03 3.804490093190266098e+00
9.756530000000000655e+03 3.804111637279736780e+00
9.757030000000000655e+03 3.803747791887806873e+00
9.757530000000000655e+03 3.803383999938123594e+00
9.758030000000000655e+03 3.803020261420094528e+00
9.758530000000000655e+03 3.802656576323139692e+00
9.759030000000000655e+03 3.802292944636657790e+00
9.759530000000000655e+03 3.801929366350099482e+00
9.760030000000000655e+03 3.801565841452867467e+00
9.760530000000000655e+03 3.801202369934380876e+00
9.761030000000000655e+03 3.800838951784096587e+00
9.761530000000000655e+03 3.800475586991411525e+00
9.762030000000000655e+03 3.800112275545789675e+00
9.762530000000000655e+03 3.799749017436645282e+00
9.763030000000000655e+03 3.799385812653433003e+00
9.763530000000000655e+03 3.799022661185584404e+00
9.764030000000000655e+03 3.798659563022534158e+00
9.764530000000000655e+03 3.798296518153756463e+00
9.765030000000000655e+03 3.797933526568677554e+00
9.765530000000000655e+03 3.797570588256752089e+00
9.766030000000000655e+03 3.797207703207447604e+00
9.766530000000000655e+03 3.796844871410199218e+00
9.767030000000000655e+03 3.796482092854491341e+00
9.767530000000000655e+03 3.796119367529774191e+00
9.768030000000000655e+03 3.795756695425502425e+00
9.768530000000000655e+03 3.795394076531168892e+00
9.769030000000000655e+03 3.795031510836217148e+00
9.769530000000000655e+03 3.794668998330146703e+00
9.770030000000000655e+03 3.794306539002404666e+00
9.770530000000000655e+03 3.793944132842496764e+00
9.771030000000000655e+03 3.793581779839887869e+00
9.771530000000000655e+03 3.793219479984060172e+00
9.772030000000000655e+03 3.792857233264497197e+00
9.772530000000000655e+03 3.792495039670699786e+00
9.773030000000000655e+03 3.792132899192167006e+00
9.773530000000000655e+03 3.791770811818367726e+00
9.774030000000000655e+03 3.791408777538805452e+00
9.774530000000000655e+03 3.791046796342989467e+00
9.775030000000000655e+03 3.790684868220417947e+00
9.775520000000000437e+03 3.790330230141836676e+00
9.776030000000000655e+03 3.789961171153012565e+00
9.776530000000000655e+03 3.789599402187199040e+00
9.777030000000000655e+03 3.789237686252671544e+00
9.777530000000000655e+03 3.788876023338925592e+00
9.778000000000000000e+03 3.788536108534986013e+00
9.778530000000000655e+03 3.788152856531869617e+00
9.779030000000000655e+03 3.787791352617615903e+00
9.779500000000000000e+03 3.787451587244530682e+00
9.780030000000000655e+03 3.787068503715239398e+00
9.780530000000000655e+03 3.786707158706198229e+00
9.781030000000000655e+03 3.786345866644611480e+00
9.781530000000000655e+03 3.785984627520030621e+00
9.781989999999999782e+03 3.785652334270383168e+00
9.782530000000000655e+03 3.785262308040038715e+00
9.783030000000000655e+03 3.784901227663708845e+00
9.783530000000000655e+03 3.784540200182545888e+00
9.784010000000000218e+03 3.784193663554701992e+00
9.784530000000000655e+03 3.783818303863923926e+00
9.785030000000000655e+03 3.783457435005575853e+00
9.785530000000000655e+03 3.783096619000607230e+00
9.786010000000000218e+03 3.782750285350604980e+00
9.786530000000000655e+03 3.782375145509054182e+00
9.787030000000000655e+03 3.782014488001587793e+00
9.787530000000000655e+03 3.781653883305760910e+00
9.788030000000000655e+03 3.781293331411143210e+00
9.788530000000000655e+03 3.780932832307283942e+00
9.789020000000000437e+03 3.780579594393073339e+00
9.789530000000000655e+03 3.780211992430205559e+00
9.790030000000000655e+03 3.779851651636132459e+00
9.790530000000000655e+03 3.779491363591144903e+00
9.791030000000000655e+03 3.779131128284828556e+00
9.791530000000000655e+03 3.778770945706769968e+00
9.792040000000000873e+03 3.778403613787014059e+00
9.792530000000000655e+03 3.778050738693810029e+00
9.793030000000000655e+03 3.777690714238094660e+00
9.793530000000000655e+03 3.777330742469007685e+00
9.794030000000000655e+03 3.776970823376159636e+00
9.794530000000000655e+03 3.776610956949152165e+00
9.795000000000000000e+03 3.776272730519184329e+00
9.795530000000000655e+03 3.775891382051073553e+00
9.796030000000000655e+03 3.775531673559226586e+00
9.796530000000000655e+03 3.775172017691658777e+00
9.797030000000000655e+03 3.774812414437994867e+00
9.797530000000000655e+03 3.774452863787823187e+00
9.798030000000000655e+03 3.774093365730798233e+00
9.798530000000000655e+03 3.773733920256528318e+00
9.799030000000000655e+03 3.773374527354645735e+00
9.799530000000000655e+03 3.773015187014762351e+00
9.800030000000000655e+03 3.772655899226528664e+00
9.800540000000000873e+03 3.772289479810483570e+00
9.801030000000000655e+03 3.771937481263537784e+00
9.801530000000000655e+03 3.771578351068045620e+00
9.802030000000000655e+03 3.771219273382753645e+00
9.802530000000000655e+03 3.770860248197301257e+00
9.803030000000000655e+03 3.770501275501327410e+00
9.803530000000000655e+03 3.770142355284499036e+00
9.804030000000000655e+03 3.769783487536449318e+00
9.804530000000000655e+03 3.769424672246846963e+00
9.805020000000000437e+03 3.769073084148254260e+00
9.805530000000000655e+03 3.768707199001600117e+00
9.806030000000000655e+03 3.768348541025272169e+00
9.806530000000000655e+03 3.767989935466039331e+00
9.807030000000000655e+03 3.767631382313548105e+00
9.807530000000000655e+03 3.767272881557494735e+00
9.808030000000000655e+03 3.766914433187530165e+00
9.808530000000000655e+03 3.766556037193330653e+00
9.809030000000000655e+03 3.766197693564577342e+00
9.809530000000000655e+03 3.765839402290963367e+00
9.810030000000000655e+03 3.765481163362160100e+00
9.810530000000000655e+03 3.765122976767842466e+00
9.811030000000000655e+03 3.764764842497723585e+00
9.811530000000000655e+03 3.764406760541469055e+00
9.812030000000000655e+03 3.764048730888784444e+00
9.812530000000000655e+03 3.763690753529365995e+00
9.813020000000000437e+03 3.763339986442129526e+00
9.813530000000000655e+03 3.762974955649107223e+00
9.814010000000000218e+03 3.762631446926020473e+00
9.814530000000000655e+03 3.762259366818313744e+00
9.815030000000000655e+03 3.761901650770735017e+00
9.815530000000000655e+03 3.761543986954642538e+00
9.816030000000000655e+03 3.761186375359760081e+00
9.816530000000000655e+03 3.760828815975789219e+00
9.817010000000000218e+03 3.760485608077680730e+00
9.817530000000000655e+03 3.760113853799495143e+00
9.818030000000000655e+03 3.759756450986611043e+00
9.818520000000000437e+03 3.759406246845195643e+00
9.819030000000000655e+03 3.759041801859994703e+00
9.819500000000000000e+03 3.758705988835352230e+00
9.820030000000000655e+03 3.758327361330453531e+00
9.820530000000000655e+03 3.757970219263919276e+00
9.821030000000000655e+03 3.757613129315870104e+00
9.821530000000000655e+03 3.757256091476042226e+00
9.822030000000000655e+03 3.756899105734174515e+00
9.822530000000000655e+03 3.756542172080007624e+00
9.823010000000000218e+03 3.756199564766624199e+00
9.823520000000000437e+03 3.755835597073819532e+00
9.824030000000000655e+03 3.755471683541300454e+00
9.824520000000000437e+03 3.755122092133621692e+00
9.825030000000000655e+03 3.754758284766164245e+00
9.825510000000000218e+03 3.754415927278032417e+00
9.826030000000000655e+03 3.754045094096012392e+00
9.826510000000000218e+03 3.753702836469175352e+00
9.827030000000000655e+03 3.753332111448955732e+00
9.827540000000000873e+03 3.752968570371877810e+00
9.828030000000000655e+03 3.752619336743140632e+00
9.828520000000000437e+03 3.752270153021478372e+00
9.829030000000000655e+03 3.751906769896801386e+00
9.829510000000000218e+03 3.751564811618235407e+00
9.830030000000000655e+03 3.751194410828180725e+00
9.830530000000000655e+03 3.750838309184964192e+00
9.831030000000000655e+03 3.750482259455547585e+00
9.831520000000000437e+03 3.750133381077632500e+00
9.832030000000000655e+03 3.749770315697241951e+00
9.832540000000000873e+03 3.749407304296091148e+00
9.833020000000000437e+03 3.749065695806857779e+00
9.833530000000000655e+03 3.748702789158075532e+00
9.834020000000000437e+03 3.748354164958231483e+00
9.834530000000000655e+03 3.747991364078516074e+00
9.835020000000000437e+03 3.747642841479962961e+00
9.835530000000000655e+03 3.747280146327746309e+00
9.836030000000000655e+03 3.746924615175193818e+00
9.836530000000000655e+03 3.746569135824270091e+00
9.837030000000000655e+03 3.746213708264808151e+00
9.837530000000000655e+03 3.745858332486637909e+00
9.838030000000000655e+03 3.745503008479559970e+00
9.838530000000000655e+03 3.745147736233422897e+00
9.839030000000000655e+03 3.744786858352977976e+00
9.839530000000000655e+03 3.744412996668497140e+00
9.840030000000000655e+03 3.744039191303201175e+00
9.840510000000000218e+03 3.743680391127067075e+00
9.841030000000000655e+03 3.743291749484785491e+00
9.841530000000000655e+03 3.742918113008988801e+00
9.842030000000000655e+03 3.742544532807011048e+00
9.842530000000000655e+03 3.742171008867525739e+00
9.843030000000000655e+03 3.741797541179197939e+00
9.843530000000000655e+03 3.741424129730707815e+00
9.844030000000000655e+03 3.741050774510723098e+00
9.844530000000000655e+03 3.740677475507916849e+00
9.845030000000000655e+03 3.740304232710976340e+00
9.845530000000000655e+03 3.739931046108578627e+00
9.846030000000000655e+03 3.739557915689428302e+00
9.846530000000000655e+03 3.739184841442181995e+00
9.847030000000000655e+03 3.738811823355564279e+00
9.847530000000000655e+03 3.738438861418261094e+00
9.848030000000000655e+03 3.738065955618949499e+00
9.848530000000000655e+03 3.737693105946360728e+00
9.849030000000000655e+03 3.737320312389178056e+00
9.849530000000000655e+03 3.736947574936109628e+00
9.850040000000000873e+03 3.736567440520741190e+00
9.850530000000000655e+03 3.736202268297173390e+00
9.851030000000000655e+03 3.735829699088739630e+00
9.851530000000000655e+03 3.735457185939262459e+00
9.852030000000000655e+03 3.735084728837476664e+00
9.852530000000000655e+03 3.734712327772124141e+00
9.853030000000000655e+03 3.734339982731891716e+00
9.853520000000000437e+03 3.733975138937203564e+00
9.854040000000000873e+03 3.733588016592466197e+00
9.854540000000000873e+03 3.733215840679767528e+00
9.855000000000000000e+03 3.732873488281754248e+00
9.855530000000000655e+03 3.732479097513509814e+00
9.856000000000000000e+03 3.732129407357317685e+00
9.856549999999999272e+03 3.731720258244221711e+00
9.857020000000000437e+03 3.731370675360082156e+00
9.857530000000000655e+03 3.730991396642471702e+00
9.858010000000000218e+03 3.730634481577181472e+00
9.858520000000000437e+03 3.730255315769682056e+00
9.859010000000000218e+03 3.729891073982174898e+00
9.859530000000000655e+03 3.729504590372445083e+00
9.860030000000000655e+03 3.729133028502034541e+00
9.860520000000000437e+03 3.728768952060972808e+00
9.861010000000000218e+03 3.728404929253790634e+00
9.861520000000000437e+03 3.728026105323764661e+00
9.862010000000000218e+03 3.727662191940722458e+00
9.862559999999999491e+03 3.727253781583617975e+00
9.863030000000000655e+03 3.726904829870573810e+00
9.863530000000000655e+03 3.726533658759088485e+00
9.863989999999999782e+03 3.726192230599771893e+00
9.864520000000000437e+03 3.725798904503311526e+00
9.865030000000000655e+03 3.725420480046815364e+00
9.865510000000000218e+03 3.725064368831976225e+00
9.866030000000000655e+03 3.724678639645055078e+00
9.866530000000000655e+03 3.724307803032504971e+00
9.867000000000000000e+03 3.723959267413847307e+00
9.867549999999999272e+03 3.723551469078369536e+00
9.867989999999999782e+03 3.723225278925895498e+00
9.868530000000000655e+03 3.722825013576630759e+00
9.869000000000000000e+03 3.722476687326008893e+00
9.869549999999999272e+03 3.722069133945470121e+00
9.870010000000000218e+03 3.721728322822273505e+00
9.870530000000000655e+03 3.721343114774792404e+00
9.870989999999999782e+03 3.721002403958169502e+00
9.871540000000000873e+03 3.720595094112534973e+00
9.871969999999999345e+03 3.720276698728866460e+00
9.872549999999999272e+03 3.719847300314857108e+00
9.872989999999999782e+03 3.719521599679894930e+00
9.873479999999999563e+03 3.719158938251880819e+00
9.874040000000000873e+03 3.718744533380853756e+00
9.874489999999999782e+03 3.718411579955822610e+00
9.875049999999999272e+03 3.717997300733518529e+00
9.875510000000000218e+03 3.717657052044733845e+00
9.876020000000000437e+03 3.717279874724071842e+00
9.876489999999999782e+03 3.716932331064045858e+00
9.877030000000000655e+03 3.716533086108269046e+00
9.877489999999999782e+03 3.716193039591990654e+00
9.878010000000000218e+03 3.715808695712722987e+00
9.878520000000000437e+03 3.715431801322342409e+00
9.879000000000000000e+03 3.715077129883467055e+00
9.879549999999999272e+03 3.714670798330684143e+00
9.880020000000000437e+03 3.714323622686573678e+00
9.880520000000000437e+03 3.713954340642120489e+00
9.881020000000000437e+03 3.713585113996203280e+00
9.881520000000000437e+03 3.713215942737709163e+00
9.882020000000000437e+03 3.712846826855526139e+00
9.882500000000000000e+03 3.712492527696352962e+00
9.883010000000000218e+03 3.712116140736538838e+00
9.883469999999999345e+03 3.711776703847664116e+00
9.884030000000000655e+03 3.711363539542373413e+00
9.884549999999999272e+03 3.710979949109573184e+00
9.885020000000000437e+03 3.710633293843174751e+00
9.885479999999999563e+03 3.710294061534306742e+00
9.886020000000000437e+03 3.709895892013007401e+00
9.886489999999999782e+03 3.709549389539222197e+00
9.887010000000000218e+03 3.709166082001662534e+00
9.887500000000000000e+03 3.708804943051631220e+00
9.888000000000000000e+03 3.708436488610086901e+00
9.888510000000000218e+03 3.708060721980222407e+00
9.889000000000000000e+03 3.707699745413634673e+00
9.889500000000000000e+03 3.707331456636588030e+00
9.889959999999999127e+03 3.706992679714053107e+00
9.890559999999999491e+03 3.706550866970935942e+00
9.890969999999999345e+03 3.706249007294330600e+00
9.891549999999999272e+03 3.705822049640567162e+00
9.891979999999999563e+03 3.705505559977415153e+00
9.892510000000000218e+03 3.705115524181335385e+00
9.892989999999999782e+03 3.704762337672203643e+00
9.893479999999999563e+03 3.704401845509879276e+00
9.894000000000000000e+03 3.704019340287611595e+00
9.894459999999999127e+03 3.703681019961764687e+00
9.895020000000000437e+03 3.703269214672669563e+00
9.895489999999999782e+03 3.702923645703026789e+00
9.895930000000000291e+03 3.702600178425015987e+00
9.896559999999999491e+03 3.702137106321522708e+00
9.897000000000000000e+03 3.701813742714350930e+00
9.897500000000000000e+03 3.701446335801098275e+00
9.897979999999999563e+03 3.701093676929871901e+00
9.898530000000000655e+03 3.700689650968039590e+00
9.899049999999999272e+03 3.700307723990193587e+00
9.899559999999999491e+03 3.699933199532937422e+00
9.900000000000000000e+03 3.699610126354807793e+00
9.900520000000000437e+03 3.699228367477912727e+00
9.900989999999999782e+03 3.698883367327893357e+00
9.901569999999999709e+03 3.698457689384943237e+00
9.902049999999999272e+03 3.698105460091422270e+00
9.902510000000000218e+03 3.697767954515577937e+00
9.903010000000000218e+03 3.697401153344410218e+00
9.903500000000000000e+03 3.697041741462080644e+00
9.904010000000000218e+03 3.696667715695299616e+00
9.904450000000000728e+03 3.696345072678109300e+00
9.905040000000000873e+03 3.695912504410625132e+00
9.905440000000000509e+03 3.695619281236296683e+00
9.906069999999999709e+03 3.695157525916314523e+00
9.906510000000000218e+03 3.694835081770474261e+00
9.907000000000000000e+03 3.694476046211176534e+00
9.907469999999999345e+03 3.694131714628594132e+00
9.908059999999999491e+03 3.693699537146514000e+00
9.908510000000000218e+03 3.693369961538311319e+00
9.909010000000000218e+03 3.693003818459379417e+00
9.909469999999999345e+03 3.692667015199659453e+00
9.910059999999999491e+03 3.692235096256019311e+00
9.910579999999999927e+03 3.691854485133031272e+00
9.910989999999999782e+03 3.691554429643214785e+00
9.911510000000000218e+03 3.691173924391572214e+00
9.911969999999999345e+03 3.690837372923456705e+00
9.912510000000000218e+03 3.690442349845897585e+00
9.912940000000000509e+03 3.690127840057937370e+00
9.913579999999999927e+03 3.689659807359239263e+00
9.914000000000000000e+03 3.689352709580033807e+00
9.914489999999999782e+03 3.688994477583424025e+00
9.915020000000000437e+03 3.688607061245566143e+00
9.915469999999999345e+03 3.688278171036929454e+00
9.916049999999999272e+03 3.687854333370204074e+00
9.916489999999999782e+03 3.687532850371167292e+00
9.917020000000000437e+03 3.687145665631294644e+00
9.917469999999999345e+03 3.686816972023940320e+00
9.917989999999999782e+03 3.686437203364430815e+00
9.918479999999999563e+03 3.686079398452223543e+00
9.918979999999999563e+03 3.685714345415941562e+00
9.919430000000000291e+03 3.685385844325377747e+00
9.920059999999999491e+03 3.684926017017524646e+00
9.920500000000000000e+03 3.684604919131739376e+00
9.920989999999999782e+03 3.684247382537825910e+00
9.921510000000000218e+03 3.683868013203304592e+00
9.921979999999999563e+03 3.683525172404347625e+00
9.922520000000000437e+03 3.683131329643023921e+00
9.922969999999999345e+03 3.682803175879435287e+00
9.923489999999999782e+03 3.682424030918506119e+00
9.923969999999999345e+03 3.682074103230247530e+00
9.924559999999999491e+03 3.681644052518977972e+00
9.925000000000000000e+03 3.681323386070896930e+00
9.925489999999999782e+03 3.680966329852433994e+00
9.925989999999999782e+03 3.680602040638261130e+00
9.926440000000000509e+03 3.680274226857144448e+00
9.927069999999999709e+03 3.679815361574923394e+00
9.927469999999999345e+03 3.679524063345575691e+00
9.928040000000000873e+03 3.679109023486482055e+00
9.928520000000000437e+03 3.678759571026913200e+00
9.929010000000000218e+03 3.678402889967344436e+00
9.929479999999999563e+03 3.678060816349167705e+00
9.929959999999999127e+03 3.677711514111813962e+00
9.930569999999999709e+03 3.677267681409385425e+00
9.931000000000000000e+03 3.676954864300815640e+00
9.931500000000000000e+03 3.676591173966559989e+00
9.931950000000000728e+03 3.676263899075145503e+00
9.932450000000000728e+03 3.675900311862958958e+00
9.933020000000000437e+03 3.675485888625652731e+00
9.933500000000000000e+03 3.675136955317693133e+00
9.933969999999999345e+03 3.674795339886752998e+00
9.934549999999999272e+03 3.674373837954624467e+00
9.935020000000000437e+03 3.674032329553730492e+00
9.935479999999999563e+03 3.673698133665537213e+00
9.935969999999999345e+03 3.673342192847278032e+00
9.936489999999999782e+03 3.672964516647497124e+00
9.936969999999999345e+03 3.672615944468143656e+00
9.937569999999999709e+03 3.672177479517832577e+00
9.937950000000000728e+03 3.671898070725060581e+00
9.938489999999999782e+03 3.671501071071066491e+00
9.938979999999999563e+03 3.671140886453782226e+00
9.939520000000000437e+03 3.670744009795512408e+00
9.939930000000000291e+03 3.670442720571304829e+00
